[1.0,0.0,0.0,0.0]
[0.0,1.0,0.0,0.0]
[0.0,0.0,1.0,0.0]
[0.0,-19.99,0.0,1.0]
--------
[0.1753666,0.5491018,-0.81714976,0.0]
[0.0,0.83001226,0.5577451,0.0]
[0.9845032,-9.780986e-2,0.14555642,0.0]
[0.0,-16.575344,-11.138169,1.0]
--------
[0.1753666,0.5491018,-0.81714976,0.0]
[0.0,0.83001226,0.5577451,0.0]
[0.9845032,-9.780986e-2,0.14555642,0.0]
[0.0,-16.550444,-11.121436,1.0]
--------
[0.1753666,0.5491018,-0.81714976,0.0]
[0.0,0.83001226,0.5577451,0.0]
[0.9845032,-9.780986e-2,0.14555642,0.0]
[0.0,-16.517242,-11.099126,1.0]
--------
[0.1753666,0.5491018,-0.81714976,0.0]
[0.0,0.83001226,0.5577451,0.0]
[0.9845032,-9.780986e-2,0.14555642,0.0]
[0.0,-16.475742,-11.071239,1.0]
--------
[0.1753666,0.5491018,-0.81714976,0.0]
[0.0,0.83001226,0.5577451,0.0]
[0.9845032,-9.780986e-2,0.14555642,0.0]
[0.0,-16.425941,-11.037775,1.0]
--------
[0.1753666,0.5491018,-0.81714976,0.0]
[0.0,0.83001226,0.5577451,0.0]
[0.9845032,-9.780986e-2,0.14555642,0.0]
[0.0,-16.367842,-10.998733,1.0]
--------
[0.1753666,0.5491018,-0.81714976,0.0]
[0.0,0.83001226,0.5577451,0.0]
[0.9845032,-9.780986e-2,0.14555642,0.0]
[0.0,-16.301441,-10.954113,1.0]
--------
[0.1753666,0.5491018,-0.81714976,0.0]
[0.0,0.83001226,0.5577451,0.0]
[0.9845032,-9.780986e-2,0.14555642,0.0]
[0.0,-16.22674,-10.903916,1.0]
--------
[0.1753666,0.5491018,-0.81714976,0.0]
[0.0,0.83001226,0.5577451,0.0]
[0.9845032,-9.780986e-2,0.14555642,0.0]
[0.0,-16.143738,-10.848142,1.0]
--------
[0.1753666,0.5491018,-0.81714976,0.0]
[0.0,0.83001226,0.5577451,0.0]
[0.9845032,-9.780986e-2,0.14555642,0.0]
[0.0,-16.052435,-10.786789,1.0]
--------
[0.1753666,0.5491018,-0.81714976,0.0]
[0.0,0.83001226,0.5577451,0.0]
[0.9845032,-9.780986e-2,0.14555642,0.0]
[0.0,-15.952833,-10.719859,1.0]
--------
[0.1753666,0.5491018,-0.81714976,0.0]
[0.0,0.83001226,0.5577451,0.0]
[0.9845032,-9.780986e-2,0.14555642,0.0]
[0.0,-15.844933,-10.647353,1.0]
--------
[0.1753666,0.5491018,-0.81714976,0.0]
[0.0,0.83001226,0.5577451,0.0]
[0.9845032,-9.780986e-2,0.14555642,0.0]
[0.0,-15.728731,-10.569269,1.0]
--------
[0.1753666,0.5491018,-0.81714976,0.0]
[0.0,0.83001226,0.5577451,0.0]
[0.9845032,-9.780986e-2,0.14555642,0.0]
[0.0,-15.60423,-10.485607,1.0]
--------
[0.1753666,0.5491018,-0.81714976,0.0]
[0.0,0.83001226,0.5577451,0.0]
[0.9845032,-9.780986e-2,0.14555642,0.0]
[0.0,-15.471428,-10.396368,1.0]
--------
[0.1753666,0.5491018,-0.81714976,0.0]
[0.0,0.83001226,0.5577451,0.0]
[0.9845032,-9.780986e-2,0.14555642,0.0]
[0.0,-15.330326,-10.301552,1.0]
--------
[0.1753666,0.5491018,-0.81714976,0.0]
[0.0,0.83001226,0.5577451,0.0]
[0.9845032,-9.780986e-2,0.14555642,0.0]
[0.0,-15.180923,-10.201158,1.0]
--------
[0.1753666,0.5491018,-0.81714976,0.0]
[0.0,0.83001226,0.5577451,0.0]
[0.9845032,-9.780986e-2,0.14555642,0.0]
[0.0,-15.023221,-10.095185,1.0]
--------
[0.1753666,0.5491018,-0.81714976,0.0]
[0.0,0.83001226,0.5577451,0.0]
[0.9845032,-9.780986e-2,0.14555642,0.0]
[0.0,-14.857218,-9.983636,1.0]
--------
[0.1753666,0.5491018,-0.81714976,0.0]
[0.0,0.83001226,0.5577451,0.0]
[0.9845032,-9.780986e-2,0.14555642,0.0]
[0.0,-14.682916,-9.86651,1.0]
--------
[0.1753666,0.5491018,-0.81714976,0.0]
[0.0,0.83001226,0.5577451,0.0]
[0.9845032,-9.780986e-2,0.14555642,0.0]
[0.0,-14.500314,-9.743807,1.0]
--------
[0.1753666,0.5491018,-0.81714976,0.0]
[0.0,0.83001226,0.5577451,0.0]
[0.9845032,-9.780986e-2,0.14555642,0.0]
[0.0,-14.309411,-9.615525,1.0]
--------
[0.1753666,0.5491018,-0.81714976,0.0]
[0.0,0.83001226,0.5577451,0.0]
[0.9845032,-9.780986e-2,0.14555642,0.0]
[0.0,-14.1102085,-9.481667,1.0]
--------
[0.1753666,0.5491018,-0.81714976,0.0]
[0.0,0.83001226,0.5577451,0.0]
[0.9845032,-9.780986e-2,0.14555642,0.0]
[0.0,-13.902705,-9.342231,1.0]
--------
[0.1753666,0.5491018,-0.81714976,0.0]
[0.0,0.83001226,0.5577451,0.0]
[0.9845032,-9.780986e-2,0.14555642,0.0]
[0.0,-13.686902,-9.197217,1.0]
--------
[0.1753666,0.5491018,-0.81714976,0.0]
[0.0,0.83001226,0.5577451,0.0]
[0.9845032,-9.780986e-2,0.14555642,0.0]
[0.0,-13.462798,-9.046625,1.0]
--------
[0.1753666,0.5491018,-0.81714976,0.0]
[0.0,0.83001226,0.5577451,0.0]
[0.9845032,-9.780986e-2,0.14555642,0.0]
[0.0,-13.230395,-8.890456,1.0]
--------
[0.1753666,0.5491018,-0.81714976,0.0]
[0.0,0.83001226,0.5577451,0.0]
[0.9845032,-9.780986e-2,0.14555642,0.0]
[0.0,-12.989692,-8.72871,1.0]
--------
[0.1753666,0.5491018,-0.81714976,0.0]
[0.0,0.83001226,0.5577451,0.0]
[0.9845032,-9.780986e-2,0.14555642,0.0]
[0.0,-12.740687,-8.561387,1.0]
--------
[0.1753666,0.5491018,-0.81714976,0.0]
[0.0,0.83001226,0.5577451,0.0]
[0.9845032,-9.780986e-2,0.14555642,0.0]
[0.0,-12.483383,-8.388486,1.0]
--------
[0.1753666,0.5491018,-0.81714976,0.0]
[0.0,0.83001226,0.5577451,0.0]
[0.9845032,-9.780986e-2,0.14555642,0.0]
[0.0,-12.21778,-8.210008,1.0]
--------
[0.1753666,0.5491018,-0.81714976,0.0]
[0.0,0.83001226,0.5577451,0.0]
[0.9845032,-9.780986e-2,0.14555642,0.0]
[0.0,-11.943876,-8.025951,1.0]
--------
[0.1753666,0.5491018,-0.81714976,0.0]
[0.0,0.83001226,0.5577451,0.0]
[0.9845032,-9.780986e-2,0.14555642,0.0]
[0.0,-11.661672,-7.836318,1.0]
--------
[0.1753666,0.5491018,-0.81714976,0.0]
[0.0,0.83001226,0.5577451,0.0]
[0.9845032,-9.780986e-2,0.14555642,0.0]
[0.0,-11.371167,-7.641107,1.0]
--------
[0.1753666,0.5491018,-0.81714976,0.0]
[0.0,0.83001226,0.5577451,0.0]
[0.9845032,-9.780986e-2,0.14555642,0.0]
[0.0,-11.072363,-7.440319,1.0]
--------
[0.1753666,0.5491018,-0.81714976,0.0]
[0.0,0.83001226,0.5577451,0.0]
[0.9845032,-9.780986e-2,0.14555642,0.0]
[0.0,-10.765259,-7.2339535,1.0]
--------
[0.1753666,0.5491018,-0.81714976,0.0]
[0.0,0.83001226,0.5577451,0.0]
[0.9845032,-9.780986e-2,0.14555642,0.0]
[0.0,-10.449854,-7.0220103,1.0]
--------
[0.1753666,0.5491018,-0.81714976,0.0]
[0.0,0.83001226,0.5577451,0.0]
[0.9845032,-9.780986e-2,0.14555642,0.0]
[0.0,-10.126148,-6.8044896,1.0]
--------
[0.1753666,0.5491018,-0.81714976,0.0]
[0.0,0.83001226,0.5577451,0.0]
[0.9845032,-9.780986e-2,0.14555642,0.0]
[0.0,-9.794144,-6.581392,1.0]
--------
[0.17364815,0.5492717,-0.8174025,0.0]
[0.0,0.83001226,0.5577451,0.0]
[0.9848077,-9.68514e-2,0.1441301,0.0]
[0.0,-9.453839,-6.3527164,1.0]
--------
[0.1339862,0.5426259,-0.8292194,0.0]
[0.0,0.83676434,0.5475632,0.0]
[0.9909832,-7.336591e-2,0.11211488,0.0]
[0.0,-9.179304,-6.0067677,1.0]
--------
[5.6416117e-2,0.5398081,-0.8398955,0.0]
[0.0,0.8412353,0.5406692,0.0]
[0.99840736,-3.0502457e-2,4.7459226e-2,0.0]
[0.0,-8.866619,-5.6986527,1.0]
--------
[3.8566094e-2,0.53686434,-0.8427866,0.0]
[0.0,0.84341407,0.53726405,0.0]
[0.9992561,-2.0720176e-2,3.2527186e-2,0.0]
[0.0,-8.518481,-5.426367,1.0]
--------
[3.8566094e-2,0.53539264,-0.8437224,0.0]
[0.0,0.8443505,0.5357912,0.0]
[0.9992561,-2.0663375e-2,3.2563303e-2,0.0]
[0.0,-8.147983,-5.170385,1.0]
--------
[3.5078015e-2,0.5354615,-0.8438309,0.0]
[0.0,0.8443505,0.5357912,0.0]
[0.9993846,-1.8794492e-2,2.961814e-2,0.0]
[0.0,-7.759581,-4.923921,1.0]
--------
[1.763063e-2,0.53423375,-0.8451529,0.0]
[0.0,0.84528434,0.5343168,0.0]
[0.99984455,-9.420341e-3,1.4902895e-2,0.0]
[0.0,-7.3708787,-4.659242,1.0]
--------
[-1.3783484e-2,0.534266,-0.84520406,0.0]
[0.0,0.84528434,0.5343168,0.0]
[0.999905,7.3647466e-3,-1.1650963e-2,0.0]
[0.0,-6.9651427,-4.40277,1.0]
--------
[-5.5642925e-2,0.533489,-0.84397477,0.0]
[0.0,0.84528434,0.5343168,0.0]
[0.99845076,2.9730948e-2,-4.7034092e-2,0.0]
[0.0,-6.550954,-4.140955,1.0]
--------
[-0.10087848,0.5271805,-0.84374416,0.0]
[0.0,0.8480704,0.52988356,0.0]
[0.99489874,5.3453848e-2,-8.555205e-2,0.0]
[0.0,-6.1485105,-3.8416557,1.0]
--------
[-0.14072424,0.51726353,-0.8441771,0.0]
[0.0,0.85266215,0.52246267,0.0]
[0.9900488,7.3523164e-2,-0.11999024,0.0]
[0.0,-5.746943,-3.5213985,1.0]
--------
[-0.17862639,0.50671923,-0.8434028,0.0]
[0.0,0.857189,0.515002,0.0]
[0.983917,9.199295e-2,-0.15311657,0.0]
[0.0,-5.3317156,-3.2033126,1.0]
--------
[-0.20773701,0.49790108,-0.84198564,0.0]
[0.0,0.86076343,0.5090052,0.0]
[0.9781847,0.10573922,-0.17881243,0.0]
[0.0,-4.897744,-2.8962398,1.0]
--------
[-0.229876,0.49244684,-0.8394362,0.0]
[0.0,0.86253494,0.5059975,0.0]
[0.97321993,0.116316676,-0.19827607,0.0]
[0.0,-4.442055,-2.6058874,1.0]
--------
[-0.24344197,0.48785153,-0.838294,0.0]
[0.0,0.86429596,0.50298357,0.0]
[0.96991545,0.12244731,-0.21040592,0.0]
[0.0,-3.9757621,-2.3137248,1.0]
--------
[-0.25696048,0.48609433,-0.8352745,0.0]
[0.0,0.86429596,0.50298357,0.0]
[0.9664219,0.1292469,-0.2220899,0.0]
[0.0,-3.4917564,-2.0320542,1.0]
--------
[-0.27210823,0.4840043,-0.83168316,0.0]
[0.0,0.86429596,0.50298357,0.0]
[0.9622666,0.13686597,-0.23518205,0.0]
[0.0,-2.999108,-1.7453536,1.0]
--------
[-0.30718666,0.47866398,-0.82250667,0.0]
[0.0,0.86429596,0.50298357,0.0]
[0.9516493,0.15450984,-0.2655002,0.0]
[0.0,-2.4978166,-1.4536233,1.0]
--------
[-0.33363873,0.47416314,-0.8147727,0.0]
[0.0,0.86429596,0.50298357,0.0]
[0.94270104,0.16781479,-0.2883626,0.0]
[0.0,-1.9878823,-1.1568631,1.0]
--------
[-0.36471063,0.46693325,-0.80558026,0.0]
[0.0,0.86517256,0.5014743,0.0]
[0.93112093,0.18289301,-0.31553763,0.0]
[0.0,-1.9898986,-1.1533918,1.0]
--------
[-0.3889594,0.45780602,-0.7994524,0.0]
[0.0,0.86778635,0.49693742,0.0]
[0.9212549,0.19328849,-0.33753365,0.0]
[0.0,-1.9872323,-1.1379876,1.0]
--------
[-0.41135153,0.44879925,-0.79332787,0.0]
[0.0,0.8703764,0.49238694,0.0]
[0.9114768,0.20254412,-0.35803068,0.0]
[0.0,-1.975756,-1.1177193,1.0]
--------
[-0.43192467,0.43997222,-0.7873153,0.0]
[0.0,0.87294257,0.48782295,0.0]
[0.90190965,0.21070276,-0.37704542,0.0]
[0.0,-1.9553931,-1.0927243,1.0]
--------
[-0.45227548,0.428268,-0.7823257,0.0]
[0.0,0.8771664,0.48018658,0.0]
[0.8918783,0.21717662,-0.39672086,0.0]
[0.0,-1.9297677,-1.0564114,1.0]
--------
[-0.47393098,0.41607758,-0.77605987,0.0]
[0.0,0.88132334,0.47251368,0.0]
[0.880562,0.22393887,-0.41768643,0.0]
[0.0,-1.8948469,-1.0159054,1.0]
--------
[-0.49226788,0.40593094,-0.76999503,0.0]
[0.0,0.8846006,0.46634942,0.0]
[0.87044376,0.22956884,-0.43546045,0.0]
[0.0,-1.848817,-0.97467124,1.0]
--------
[-0.50888765,0.396123,-0.7642774,0.0]
[0.0,0.8878347,0.46016246,0.0]
[0.8608329,0.23417099,-0.45180812,0.0]
[0.0,-1.7934281,-0.92952913,1.0]
--------
[-0.52234626,0.38842645,-0.7591306,0.0]
[0.0,0.89023197,0.45550746,0.0]
[0.8527335,0.23793262,-0.46500933,0.0]
[0.0,-1.7982705,-0.920126,1.0]
--------
[-0.53124714,0.38327855,-0.75556207,0.0]
[0.0,0.89181656,0.4523972,0.0]
[0.8472169,0.24033472,-0.473775,0.0]
[0.0,-1.8014714,-0.9138433,1.0]
--------
[-0.535676,0.38069993,-0.7537365,0.0]
[0.0,0.89260477,0.45084,0.0]
[0.8444236,0.24150416,-0.47814694,0.0]
[0.0,-1.8030635,-0.91069776,1.0]
--------
[-0.5371493,0.3789631,-0.7535633,0.0]
[0.0,0.8933903,0.4492814,0.0]
[0.8434872,0.24133119,-0.47988397,0.0]
[0.0,-1.8046503,-0.9075494,1.0]
--------
[-0.53862053,0.37722707,-0.7533842,0.0]
[0.0,0.8941731,0.44772148,0.0]
[0.8425485,0.24115199,-0.48161998,0.0]
[0.0,-1.8062315,-0.9043983,1.0]
--------
[-0.54155815,0.37507048,-0.75235426,0.0]
[0.0,0.89495313,0.44616017,0.0]
[0.8406633,0.24162167,-0.48466915,0.0]
[0.0,-1.8078072,-0.90124446,1.0]
--------
[-0.5459525,0.36855647,-0.7523975,0.0]
[0.0,0.8980461,0.43990138,0.0]
[0.8378161,0.24016526,-0.4902905,0.0]
[0.0,-1.814055,-0.8886017,1.0]
--------
[-0.55033195,0.36073655,-0.7529966,0.0]
[0.0,0.9018507,0.43204778,0.0]
[0.834946,0.2377697,-0.49631727,0.0]
[0.0,-1.8217404,-0.87273747,1.0]
--------
[-0.55759716,0.3521013,-0.7517381,0.0]
[0.0,0.90558666,0.42416134,0.0]
[0.8301117,0.23651116,-0.50495255,0.0]
[0.0,-1.8292869,-0.8568068,1.0]
--------
[-0.5676968,0.34005162,-0.74972343,0.0]
[0.0,0.91070104,0.41306612,0.0]
[0.8232377,0.23449633,-0.51700205,0.0]
[0.0,-1.8396181,-0.83439445,1.0]
--------
[-0.57485956,0.33147648,-0.74810416,0.0]
[0.0,0.914271,0.40510312,0.0]
[0.8182521,0.2328774,-0.5255774,0.0]
[0.0,-1.8468294,-0.8183092,1.0]
--------
[-0.5791357,0.32634556,-0.7470612,0.0]
[0.0,0.9163796,0.4003105,0.0]
[0.81523114,0.2318341,-0.53070813,0.0]
[0.0,-1.8510886,-0.808628,1.0]
--------
[-0.58339643,0.3199233,-0.74652374,0.0]
[0.0,0.9191519,0.39390326,0.0]
[0.81218755,0.22980176,-0.53622997,0.0]
[0.0,-1.8896447,-0.7187846,1.0]
--------
[-0.5848134,0.3169171,-0.7466973,0.0]
[0.0,0.9205213,0.39069238,0.0]
[0.81116784,0.22848214,-0.53833324,0.0]
[1.4606118e-4,-1.9247631,-0.63532525,1.0]
--------
[-0.5876412,0.31351587,-0.7459127,0.0]
[0.0,0.9218795,0.3874768,0.0]
[0.80912167,0.22769733,-0.54173434,0.0]
[7.2953105e-4,-1.9591503,-0.55203736,1.0]
--------
[-0.5904618,0.31012017,-0.7451043,0.0]
[0.0,0.9232264,0.38425645,0.0]
[0.8070656,0.22688875,-0.5451299,0.0]
[1.6028732e-3,-1.9931378,-0.4681373,1.0]
--------
[-0.5960818,0.3059392,-0.74235284,0.0]
[0.0,0.9245621,0.38103145,0.0]
[0.80292374,0.22712591,-0.5511146,0.0]
[3.9323717e-3,-2.0264828,-0.38420212,1.0]
--------
[-0.6002778,0.30216268,-0.74051625,0.0]
[0.0,0.9258865,0.37780178,0.0]
[0.7997916,0.22678602,-0.5557891,0.0]
[6.1154366e-3,-2.0592308,-0.30012584,1.0]
--------
[-0.6058464,0.29671115,-0.738182,0.0]
[0.0,0.927852,0.3729487,0.0]
[0.79558164,0.22594963,-0.56213576,0.0]
[9.606391e-3,-2.0918894,-0.21192884,1.0]
--------
[-0.61414456,0.29049063,-0.7337858,0.0]
[0.0,0.929792,0.3680854,0.0]
[0.7891935,0.22605765,-0.5710267,0.0]
[1.5716612e-2,-2.1235626,-0.12369573,1.0]
--------
[-0.62510365,0.28096187,-0.728221,0.0]
[0.0,0.9329687,0.35995752,0.0]
[0.7805417,0.22501075,-0.5832021,0.0]
[2.5022954e-2,-2.1544847,-2.760145e-2,1.0]
--------
[-0.6372868,0.26984876,-0.721836,0.0]
[0.0,0.93668693,0.35016793,0.0]
[0.7706267,0.22315739,-0.5969382,0.0]
[3.679681e-2,-2.1837072,7.267317e-2,1.0]
--------
[-0.647984,0.26047087,-0.71573156,0.0]
[0.0,0.93970704,0.34198058,0.0]
[0.76165396,0.22159795,-0.60891515,0.0]
[4.8419714e-2,-2.2112715,0.16944045,1.0]
--------
[-0.6559246,0.2519363,-0.71154135,0.0]
[0.0,0.94265556,0.33376718,0.0]
[0.7548264,0.2189261,-0.618311,0.0]
[5.8003634e-2,-2.2370486,0.2659463,1.0]
--------
[-0.6637931,0.24470185,-0.70675296,0.0]
[0.0,0.9449627,0.32717812,0.0]
[0.7479163,0.21717857,-0.6272597,0.0]
[6.844461e-2,-2.262363,0.36019024,1.0]
--------
[-0.6689982,0.23827049,-0.7040374,0.0]
[0.0,0.9472238,0.32057312,0.0]
[0.7432641,0.21446283,-0.633691,0.0]
[7.5986385e-2,-2.286369,0.4545014,1.0]
--------
[-0.6767448,0.23113737,-0.6989935,0.0]
[0.0,0.9494387,0.3139525,0.0]
[0.7362176,0.21246573,-0.6425277,0.0]
[8.816588e-2,-2.308999,0.5486529,1.0]
--------
[-0.68314385,0.2256409,-0.69455075,0.0]
[0.0,0.95106953,0.30897698,0.0]
[0.73028386,0.21107572,-0.64971733,0.0]
[9.903449e-2,-2.3316543,0.6394108,1.0]
--------
[-0.6894906,0.22138442,-0.68963146,0.0]
[0.0,0.95214224,0.3056552,0.0]
[0.7242946,0.2107464,-0.6564931,0.0]
[0.110624194,-2.3545482,0.72585964,1.0]
--------
[-0.6945302,0.21631798,-0.6861737,0.0]
[0.0,0.9537296,0.30066568,0.0]
[0.7194635,0.20882139,-0.66239405,0.0]
[0.120470524,-2.375538,0.81691647,1.0]
--------
[-0.70202625,0.21056017,-0.6803113,0.0]
[0.0,0.9552908,0.29566786,0.0]
[0.71215105,0.20756659,-0.6706392,0.0]
[0.13610226,-2.395445,0.907588,1.0]
--------
[-0.7082141,0.20284744,-0.67622906,0.0]
[0.0,0.9578346,0.28732023,0.0]
[0.70599777,0.20348424,-0.678352,0.0]
[0.14984345,-2.411048,1.0071794,1.0]
--------
[-0.71556854,0.19602942,-0.6704731,0.0]
[0.0,0.9598171,0.28062633,0.0]
[0.69854254,0.20080738,-0.6868149,0.0]
[0.16719234,-2.4269176,1.1025143,1.0]
--------
[-0.7216371,0.18846385,-0.66612405,0.0]
[0.0,0.96222943,0.27223977,0.0]
[0.69227153,0.19645832,-0.69438046,0.0]
[0.18236375,-2.4394755,1.2023706,1.0]
--------
[-0.72645235,0.18246678,-0.6625503,0.0]
[0.0,0.96410656,0.26551557,0.0]
[0.6872169,0.1928844,-0.70037746,0.0]
[0.1950723,-2.4527059,1.2981081,1.0]
--------
[-0.73242164,0.17504153,-0.65796584,0.0]
[0.0,0.9663869,0.25709215,0.0]
[0.68085134,0.18829985,-0.7078027,0.0]
[0.21166915,-2.4623137,1.3985083,1.0]
--------
[-0.73479384,0.17094864,-0.6563952,0.0]
[0.0,0.9677198,0.25202864,0.0]
[0.67829055,0.1851891,-0.71107453,0.0]
[0.21859527,-2.4757948,1.4913919,1.0]
--------
[-0.73715705,0.16801755,-0.6544995,0.0]
[0.0,0.9685936,0.24864914,0.0]
[0.67572147,0.18329346,-0.7140056,0.0]
[0.22580993,-2.4910908,1.5799476,1.0]
--------
[-0.7383352,0.16199042,-0.654691,0.0]
[0.0,0.9707266,0.24018723,0.0]
[0.67443395,0.17733869,-0.7167216,0.0]
[0.22956133,-2.4971316,1.6821455,1.0]
--------
[-0.7383352,0.16084751,-0.6549727,0.0]
[0.0,0.9711443,0.23849261,0.0]
[0.67443395,0.17608748,-0.71703005,0.0]
[0.22956121,-2.5140917,1.7675335,1.0]
--------
[-0.73951125,0.15825702,-0.65427655,0.0]
[0.0,0.9719709,0.23510124,0.0]
[0.67314416,0.17386001,-0.71878344,0.0]
[0.23360372,-2.5176334,1.8590469,1.0]
--------
[-0.7406851,0.15681334,-0.65329564,0.0]
[0.0,0.97237974,0.23340447,0.0]
[0.67185235,0.17287922,-0.7202272,0.0]
[0.23779047,-2.514292,1.9487394,1.0]
--------
[-0.7406851,0.15681334,-0.65329564,0.0]
[0.0,0.97237974,0.23340447,0.0]
[0.67185235,0.17287922,-0.7202272,0.0]
[0.23779047,-2.5046356,2.0370421,1.0]
--------
[-0.7406851,0.15681334,-0.65329564,0.0]
[0.0,0.97237974,0.23340447,0.0]
[0.67185235,0.17287922,-0.7202272,0.0]
[0.23779047,-2.4851272,2.127144,1.0]
--------
[-0.7406851,0.15681334,-0.65329564,0.0]
[0.0,0.97237974,0.23340447,0.0]
[0.67185235,0.17287922,-0.7202272,0.0]
[0.23779035,-2.4559531,2.2198234,1.0]
--------
[-0.7406851,0.15681334,-0.65329564,0.0]
[0.0,0.97237974,0.23340447,0.0]
[0.67185235,0.17287922,-0.7202272,0.0]
[0.23779035,-2.4170647,2.3148754,1.0]
--------
[-0.7406851,0.15681334,-0.65329564,0.0]
[0.0,0.97237974,0.23340447,0.0]
[0.67185235,0.17287922,-0.7202272,0.0]
[0.23779035,-2.36845,2.4122517,1.0]
--------
[-0.7406851,0.15681334,-0.65329564,0.0]
[0.0,0.97237974,0.23340447,0.0]
[0.67185235,0.17287922,-0.7202272,0.0]
[0.23779023,-2.3101535,2.5121372,1.0]
--------
[-0.7406851,0.15681334,-0.65329564,0.0]
[0.0,0.97237974,0.23340447,0.0]
[0.67185235,0.17287922,-0.7202272,0.0]
[0.23779035,-2.2431884,2.618752,1.0]
--------
[-0.7406851,0.15681334,-0.65329564,0.0]
[0.0,0.97237974,0.23340447,0.0]
[0.67185235,0.17287922,-0.7202272,0.0]
[0.23779047,-2.164276,2.7184389,1.0]
--------
[-0.7406851,0.15681334,-0.65329564,0.0]
[0.0,0.97237974,0.23340447,0.0]
[0.67185235,0.17287922,-0.7202272,0.0]
[0.23779047,-2.0768223,2.825385,1.0]
--------
[-0.7406851,0.15681334,-0.65329564,0.0]
[0.0,0.97237974,0.23340447,0.0]
[0.67185235,0.17287922,-0.7202272,0.0]
[0.23779035,-1.9794986,2.9340572,1.0]
--------
[-0.7406851,0.15681334,-0.65329564,0.0]
[0.0,0.97237974,0.23340447,0.0]
[0.67185235,0.17287922,-0.7202272,0.0]
[0.23779047,-1.9989717,3.015183,1.0]
--------
[-0.7406851,0.15681334,-0.65329564,0.0]
[0.0,0.97237974,0.23340447,0.0]
[0.67185235,0.17287922,-0.7202272,0.0]
[0.23779023,-2.008715,3.0986185,1.0]
--------
[-0.7406851,0.15681334,-0.65329564,0.0]
[0.0,0.97237974,0.23340447,0.0]
[0.67185235,0.17287922,-0.7202272,0.0]
[0.23779023,-2.0087063,3.1842709,1.0]
--------
[-0.7406851,0.15567288,-0.6535683,0.0]
[0.0,0.97278565,0.23170698,0.0]
[0.67185235,0.1716219,-0.7205278,0.0]
[0.23779011,-2.022638,3.2696075,1.0]
--------
[-0.7406851,0.15339056,-0.65410775,0.0]
[0.0,0.9735885,0.22830991,0.0]
[0.67185235,0.16910575,-0.7211225,0.0]
[0.23779023,-2.0202975,3.359189,1.0]
--------
[-0.7406851,0.15224868,-0.6543744,0.0]
[0.0,0.9739855,0.22661033,0.0]
[0.67185235,0.1678469,-0.72141653,0.0]
[0.23779023,-2.0138228,3.4483504,1.0]
--------
[-0.7406851,0.15224868,-0.6543744,0.0]
[0.0,0.9739855,0.22661033,0.0]
[0.67185235,0.1678469,-0.72141653,0.0]
[0.23779023,-2.0034833,3.5362964,1.0]
--------
[-0.7406851,0.15224868,-0.6543744,0.0]
[0.0,0.9739855,0.22661033,0.0]
[0.67185235,0.1678469,-0.72141653,0.0]
[0.23779011,-1.9834471,3.6266937,1.0]
--------
[-0.7406851,0.15110634,-0.6546392,0.0]
[0.0,0.97437954,0.22491005,0.0]
[0.67185235,0.16658753,-0.7217084,0.0]
[0.23779035,-1.947056,3.7222397,1.0]
--------
[-0.7406851,0.14996356,-0.6549019,0.0]
[0.0,0.9747706,0.2232091,0.0]
[0.67185235,0.16532765,-0.7219981,0.0]
[0.23779035,-1.9007609,3.8206472,1.0]
--------
[-0.7406851,0.14996356,-0.6549019,0.0]
[0.0,0.9747706,0.2232091,0.0]
[0.67185235,0.16532765,-0.7219981,0.0]
[0.23779035,-1.8511771,3.9177191,1.0]
--------
[-0.7406851,0.1476766,-0.6554214,0.0]
[0.0,0.9755438,0.21980515,0.0]
[0.67185235,0.1628064,-0.7225708,0.0]
[0.23779011,-1.7776743,4.0226383,1.0]
--------
[-0.7406851,0.1476766,-0.6554214,0.0]
[0.0,0.9755438,0.21980515,0.0]
[0.67185235,0.1628064,-0.7225708,0.0]
[0.32126522,-1.7082237,4.1238546,1.0]
--------
[-0.7406851,0.14653245,-0.65567815,0.0]
[0.0,0.9759259,0.21810216,0.0]
[0.67185235,0.16154502,-0.7228538,0.0]
[0.40469527,-1.6216271,4.230061,1.0]
--------
[-0.7406851,0.14424282,-0.6561856,0.0]
[0.0,0.9766813,0.21469423,0.0]
[0.67185235,0.15902083,-0.7234133,0.0]
[0.48790526,-1.5172815,4.340582,1.0]
--------
[-0.7406851,0.14195143,-0.6566852,0.0]
[0.0,0.9774248,0.21128367,0.0]
[0.67185235,0.15649466,-0.723964,0.0]
[0.48020434,-1.6352811,4.325753,1.0]
--------
[-0.7418567,0.14167807,-0.65542054,0.0]
[0.0,0.9774248,0.21128367,0.0]
[0.6705585,0.1567422,-0.72510916,0.0]
[0.5715716,-1.6429461,4.4085426,1.0]
--------
[-0.7418567,0.14053392,-0.6556668,0.0]
[0.0,0.9777921,0.20957741,0.0]
[0.6705585,0.1554764,-0.7253816,0.0]
[0.6550064,-1.6527355,4.4929857,1.0]
--------
[-0.7418567,0.14053392,-0.6556668,0.0]
[0.0,0.9777921,0.20957741,0.0]
[0.6705585,0.1554764,-0.7253816,0.0]
[0.7382662,-1.6701849,4.574397,1.0]
--------
[-0.7418567,0.14053392,-0.6556668,0.0]
[0.0,0.9777921,0.20957741,0.0]
[0.6705585,0.1554764,-0.7253816,0.0]
[0.82158136,-1.6876459,4.655862,1.0]
--------
[-0.7418567,0.14053392,-0.6556668,0.0]
[0.0,0.9777921,0.20957741,0.0]
[0.6705585,0.1554764,-0.7253816,0.0]
[0.90500164,-1.7051288,4.7374287,1.0]
--------
[-0.7418567,0.14053392,-0.6556668,0.0]
[0.0,0.9777921,0.20957741,0.0]
[0.6705585,0.1554764,-0.7253816,0.0]
[0.98818135,-1.7225615,4.818762,1.0]
--------
[-0.7418567,0.14053392,-0.6556668,0.0]
[0.0,0.9777921,0.20957741,0.0]
[0.6705585,0.1554764,-0.7253816,0.0]
[1.0715816,-1.7400402,4.9003096,1.0]
--------
[-0.7418567,0.14053392,-0.6556668,0.0]
[0.0,0.9777921,0.20957741,0.0]
[0.6705585,0.1554764,-0.7253816,0.0]
[1.1548712,-1.7574959,4.9817495,1.0]
--------
[-0.7418567,0.14053392,-0.6556668,0.0]
[0.0,0.9777921,0.20957741,0.0]
[0.6705585,0.1554764,-0.7253816,0.0]
[1.2382765,-1.7749758,5.0633025,1.0]
--------
[-0.7418567,0.14053392,-0.6556668,0.0]
[0.0,0.9777921,0.20957741,0.0]
[0.6705585,0.1554764,-0.7253816,0.0]
[1.2303104,-1.8369321,5.0590363,1.0]
--------
[-0.7418567,0.14053392,-0.6556668,0.0]
[0.0,0.9777921,0.20957741,0.0]
[0.6705585,0.1554764,-0.7253816,0.0]
[1.2303104,-1.8446298,5.142666,1.0]
--------
[-0.7418567,0.14053392,-0.6556668,0.0]
[0.0,0.9777921,0.20957741,0.0]
[0.6705585,0.1554764,-0.7253816,0.0]
[1.2303107,-1.8620844,5.224101,1.0]
--------
[-0.7418567,0.14053392,-0.6556668,0.0]
[0.0,0.9777921,0.20957741,0.0]
[0.6705585,0.1554764,-0.7253816,0.0]
[1.2303104,-1.8795443,5.305561,1.0]
--------
[-0.7418567,0.14053392,-0.6556668,0.0]
[0.0,0.9777921,0.20957741,0.0]
[0.6705585,0.1554764,-0.7253816,0.0]
[1.2303107,-1.8970399,5.387187,1.0]
--------
[-0.7418567,0.14053392,-0.6556668,0.0]
[0.0,0.9777921,0.20957741,0.0]
[0.6705585,0.1554764,-0.7253816,0.0]
[1.2303107,-1.9144745,5.4685297,1.0]
--------
[-0.7418567,0.14053392,-0.6556668,0.0]
[0.0,0.9777921,0.20957741,0.0]
[0.6705585,0.1554764,-0.7253816,0.0]
[1.2303107,-1.9318309,5.549505,1.0]
--------
[-0.7418567,0.14053392,-0.6556668,0.0]
[0.0,0.9777921,0.20957741,0.0]
[0.6705585,0.1554764,-0.7253816,0.0]
[1.2303107,-1.9396145,5.6335354,1.0]
--------
[-0.7418567,0.14053392,-0.6556668,0.0]
[0.0,0.9777921,0.20957741,0.0]
[0.6705585,0.1554764,-0.7253816,0.0]
[1.2303107,-1.9374976,5.7190886,1.0]
--------
[-0.7418567,0.14053392,-0.6556668,0.0]
[0.0,0.9777921,0.20957741,0.0]
[0.6705585,0.1554764,-0.7253816,0.0]
[1.2303107,-1.9256668,5.8070364,1.0]
--------
[-0.7418567,0.14053392,-0.6556668,0.0]
[0.0,0.9777921,0.20957741,0.0]
[0.6705585,0.1554764,-0.7253816,0.0]
[1.2303107,-1.9040254,5.896929,1.0]
--------
[-0.7418567,0.14053392,-0.6556668,0.0]
[0.0,0.9777921,0.20957741,0.0]
[0.6705585,0.1554764,-0.7253816,0.0]
[1.2303107,-1.8725653,5.988725,1.0]
--------
[-0.7418567,0.14053392,-0.6556668,0.0]
[0.0,0.9777921,0.20957741,0.0]
[0.6705585,0.1554764,-0.7253816,0.0]
[1.2303109,-1.8313828,6.082877,1.0]
--------
[-0.7418567,0.14053392,-0.6556668,0.0]
[0.0,0.9777921,0.20957741,0.0]
[0.6705585,0.1554764,-0.7253816,0.0]
[1.2303112,-1.8488448,6.1643467,1.0]
--------
[-0.7418567,0.14053392,-0.6556668,0.0]
[0.0,0.9777921,0.20957741,0.0]
[0.6705585,0.1554764,-0.7253816,0.0]
[1.2303109,-1.8662901,6.245738,1.0]
--------
[-0.7418567,0.14053392,-0.6556668,0.0]
[0.0,0.9777921,0.20957741,0.0]
[0.6705585,0.1554764,-0.7253816,0.0]
[1.2303112,-1.8837813,6.327345,1.0]
--------
[-0.7418567,0.14053392,-0.6556668,0.0]
[0.0,0.9777921,0.20957741,0.0]
[0.6705585,0.1554764,-0.7253816,0.0]
[1.2303109,-1.9013166,6.409157,1.0]
--------
[-0.7418567,0.14053392,-0.6556668,0.0]
[0.0,0.9777921,0.20957741,0.0]
[0.6705585,0.1554764,-0.7253816,0.0]
[1.2303112,-1.9186907,6.490216,1.0]
--------
[-0.7418567,0.14053392,-0.6556668,0.0]
[0.0,0.9777921,0.20957741,0.0]
[0.6705585,0.1554764,-0.7253816,0.0]
[1.2303104,-2.121952,6.531954,1.0]
--------
[-0.7418567,0.14053392,-0.6556668,0.0]
[0.0,0.9777921,0.20957741,0.0]
[0.6705585,0.1554764,-0.7253816,0.0]
[1.2303109,-2.3154218,6.5757236,1.0]
--------
[-0.7418567,0.14053392,-0.6556668,0.0]
[0.0,0.9777921,0.20957741,0.0]
[0.6705585,0.1554764,-0.7253816,0.0]
[1.2303104,-2.4991055,6.6215506,1.0]
--------
[-0.7418567,0.14053392,-0.6556668,0.0]
[0.0,0.9777921,0.20957741,0.0]
[0.6705585,0.1554764,-0.7253816,0.0]
[1.2303104,-2.6730216,6.6695223,1.0]
--------
[-0.7418567,0.14053392,-0.6556668,0.0]
[0.0,0.9777921,0.20957741,0.0]
[0.6705585,0.1554764,-0.7253816,0.0]
[1.2303109,-2.8372455,6.7199903,1.0]
--------
[-0.7418567,0.14053392,-0.6556668,0.0]
[0.0,0.9777921,0.20957741,0.0]
[0.6705585,0.1554764,-0.7253816,0.0]
[1.2303109,-2.9915166,6.7717376,1.0]
--------
[-0.7418567,0.14053392,-0.6556668,0.0]
[0.0,0.9777921,0.20957741,0.0]
[0.6705585,0.1554764,-0.7253816,0.0]
[1.2303109,-3.136105,6.8260255,1.0]
--------
[-0.7418567,0.14053392,-0.6556668,0.0]
[0.0,0.9777921,0.20957741,0.0]
[0.6705585,0.1554764,-0.7253816,0.0]
[1.2303109,-3.2708907,6.8822923,1.0]
--------
[-0.7418567,0.14053392,-0.6556668,0.0]
[0.0,0.9777921,0.20957741,0.0]
[0.6705585,0.1554764,-0.7253816,0.0]
[1.2303109,-3.3959215,6.9407625,1.0]
--------
[-0.7418567,0.14053392,-0.6556668,0.0]
[0.0,0.9777921,0.20957741,0.0]
[0.6705585,0.1554764,-0.7253816,0.0]
[1.2303107,-3.5111678,7.001299,1.0]
--------
[-0.7418567,0.14053392,-0.6556668,0.0]
[0.0,0.9777921,0.20957741,0.0]
[0.6705585,0.1554764,-0.7253816,0.0]
[1.2303107,-3.616603,7.063774,1.0]
--------
[-0.7418567,0.14053392,-0.6556668,0.0]
[0.0,0.9777921,0.20957741,0.0]
[0.6705585,0.1554764,-0.7253816,0.0]
[1.2303107,-3.7123144,7.1286,1.0]
--------
[-0.7418567,0.14053392,-0.6556668,0.0]
[0.0,0.9777921,0.20957741,0.0]
[0.6705585,0.1554764,-0.7253816,0.0]
[1.2303112,-3.7982166,7.195375,1.0]
--------
[-0.7418567,0.14053392,-0.6556668,0.0]
[0.0,0.9777921,0.20957741,0.0]
[0.6705585,0.1554764,-0.7253816,0.0]
[1.2303112,-3.874369,7.2643776,1.0]
--------
[-0.7418567,0.14053392,-0.6556668,0.0]
[0.0,0.9777921,0.20957741,0.0]
[0.6705585,0.1554764,-0.7253816,0.0]
[1.2303112,-3.9407206,7.3353686,1.0]
--------
[-0.7418567,0.14053392,-0.6556668,0.0]
[0.0,0.9777921,0.20957741,0.0]
[0.6705585,0.1554764,-0.7253816,0.0]
[1.2303114,-3.9972944,7.4084554,1.0]
--------
[-0.7418567,0.14053392,-0.6556668,0.0]
[0.0,0.9777921,0.20957741,0.0]
[0.6705585,0.1554764,-0.7253816,0.0]
[1.2303112,-4.044098,7.483677,1.0]
--------
[-0.7418567,0.14053392,-0.6556668,0.0]
[0.0,0.9777921,0.20957741,0.0]
[0.6705585,0.1554764,-0.7253816,0.0]
[1.2303112,-4.0811043,7.5609007,1.0]
--------
[-0.7418567,0.14053392,-0.6556668,0.0]
[0.0,0.9777921,0.20957741,0.0]
[0.6705585,0.1554764,-0.7253816,0.0]
[1.2303112,-4.1083717,7.640402,1.0]
--------
[-0.7418567,0.14053392,-0.6556668,0.0]
[0.0,0.9777921,0.20957741,0.0]
[0.6705585,0.1554764,-0.7253816,0.0]
[1.2303112,-4.1258287,7.721847,1.0]
--------
[-0.7418567,0.14053392,-0.6556668,0.0]
[0.0,0.9777921,0.20957741,0.0]
[0.6705585,0.1554764,-0.7253816,0.0]
[1.2303114,-4.143304,7.80338,1.0]
--------
[-0.7418567,0.14053392,-0.6556668,0.0]
[0.0,0.9777921,0.20957741,0.0]
[0.6705585,0.1554764,-0.7253816,0.0]
[1.2303116,-4.1509786,7.8869014,1.0]
--------
[-0.7418567,0.14053392,-0.6556668,0.0]
[0.0,0.9777921,0.20957741,0.0]
[0.6705585,0.1554764,-0.7253816,0.0]
[1.2303121,-4.148842,7.9723625,1.0]
--------
[-0.7418567,0.14053392,-0.6556668,0.0]
[0.0,0.9777921,0.20957741,0.0]
[0.6705585,0.1554764,-0.7253816,0.0]
[1.2303119,-4.137009,8.060301,1.0]
--------
[-0.7418567,0.14053392,-0.6556668,0.0]
[0.0,0.9777921,0.20957741,0.0]
[0.6705585,0.1554764,-0.7253816,0.0]
[1.2303114,-4.115348,8.150099,1.0]
--------
[-0.7418567,0.14053392,-0.6556668,0.0]
[0.0,0.9777921,0.20957741,0.0]
[0.6705585,0.1554764,-0.7253816,0.0]
[1.2303114,-4.083939,8.242135,1.0]
--------
[-0.7418567,0.14053392,-0.6556668,0.0]
[0.0,0.9777921,0.20957741,0.0]
[0.6705585,0.1554764,-0.7253816,0.0]
[1.2303114,-4.0427313,8.33617,1.0]
--------
[-0.7418567,0.14053392,-0.6556668,0.0]
[0.0,0.9777921,0.20957741,0.0]
[0.6705585,0.1554764,-0.7253816,0.0]
[1.2303114,-3.9917746,8.432432,1.0]
--------
[-0.7418567,0.14053392,-0.6556668,0.0]
[0.0,0.9777921,0.20957741,0.0]
[0.6705585,0.1554764,-0.7253816,0.0]
[1.3136063,-3.9310079,8.530643,1.0]
--------
[-0.7418567,0.14053392,-0.6556668,0.0]
[0.0,0.9777921,0.20957741,0.0]
[0.6705585,0.1554764,-0.7253816,0.0]
[1.3968513,-3.860453,8.630903,1.0]
--------
[-0.7418567,0.14053392,-0.6556668,0.0]
[0.0,0.9777921,0.20957741,0.0]
[0.6705585,0.1554764,-0.7253816,0.0]
[1.4801664,-3.7801347,8.733325,1.0]
--------
[-0.7418567,0.14053392,-0.6556668,0.0]
[0.0,0.9777921,0.20957741,0.0]
[0.6705585,0.1554764,-0.7253816,0.0]
[1.5636213,-3.6900675,8.83798,1.0]
--------
[-0.7418567,0.14053392,-0.6556668,0.0]
[0.0,0.9777921,0.20957741,0.0]
[0.6705585,0.1554764,-0.7253816,0.0]
[1.6468313,-3.5901718,8.944492,1.0]
--------
[-0.7418567,0.14053392,-0.6556668,0.0]
[0.0,0.9777921,0.20957741,0.0]
[0.6705585,0.1554764,-0.7253816,0.0]
[1.7301364,-3.4805176,9.053192,1.0]
--------
[-0.7418567,0.14053392,-0.6556668,0.0]
[0.0,0.9777921,0.20957741,0.0]
[0.6705585,0.1554764,-0.7253816,0.0]
[1.8135967,-3.361118,9.164139,1.0]
--------
[-0.7418567,0.14053392,-0.6556668,0.0]
[0.0,0.9777921,0.20957741,0.0]
[0.6705585,0.1554764,-0.7253816,0.0]
[1.8968263,-3.2318923,9.276958,1.0]
--------
[-0.7418567,0.14053392,-0.6556668,0.0]
[0.0,0.9777921,0.20957741,0.0]
[0.6705585,0.1554764,-0.7253816,0.0]
[1.9800963,-3.0928972,9.391911,1.0]
--------
[-0.7418567,0.14053392,-0.6556668,0.0]
[0.0,0.9777921,0.20957741,0.0]
[0.6705585,0.1554764,-0.7253816,0.0]
[2.0635314,-3.110383,9.473492,1.0]
--------
[-0.7418567,0.14053392,-0.6556668,0.0]
[0.0,0.9777921,0.20957741,0.0]
[0.6705585,0.1554764,-0.7253816,0.0]
[2.146831,-3.1278408,9.554941,1.0]
--------
[-0.7418567,0.14053392,-0.6556668,0.0]
[0.0,0.9777921,0.20957741,0.0]
[0.6705585,0.1554764,-0.7253816,0.0]
[2.230196,-3.1453123,9.636456,1.0]
--------
[-0.7418567,0.14053392,-0.6556668,0.0]
[0.0,0.9777921,0.20957741,0.0]
[0.6705585,0.1554764,-0.7253816,0.0]
[2.3135366,-3.1627786,9.717945,1.0]
--------
[-0.7418567,0.14053392,-0.6556668,0.0]
[0.0,0.9777921,0.20957741,0.0]
[0.6705585,0.1554764,-0.7253816,0.0]
[2.397416,-3.180358,9.799962,1.0]
--------
[-0.7418567,0.14053392,-0.6556668,0.0]
[0.0,0.9777921,0.20957741,0.0]
[0.6705585,0.1554764,-0.7253816,0.0]
[2.4800358,-3.197673,9.880747,1.0]
--------
[-0.7418567,0.14053392,-0.6556668,0.0]
[0.0,0.9777921,0.20957741,0.0]
[0.6705585,0.1554764,-0.7253816,0.0]
[2.5634108,-3.2151465,9.962271,1.0]
--------
[-0.7418567,0.14053392,-0.6556668,0.0]
[0.0,0.9777921,0.20957741,0.0]
[0.6705585,0.1554764,-0.7253816,0.0]
[2.5634108,-3.232595,10.043676,1.0]
--------
[-0.7418567,0.14053392,-0.6556668,0.0]
[0.0,0.9777921,0.20957741,0.0]
[0.6705585,0.1554764,-0.7253816,0.0]
[2.5634108,-3.2500916,10.125307,1.0]
--------
[-0.7418567,0.14053392,-0.6556668,0.0]
[0.0,0.9777921,0.20957741,0.0]
[0.6705585,0.1554764,-0.7253816,0.0]
[2.5634108,-3.267609,10.207035,1.0]
--------
[-0.7418567,0.14053392,-0.6556668,0.0]
[0.0,0.9777921,0.20957741,0.0]
[0.6705585,0.1554764,-0.7253816,0.0]
[2.5634103,-3.285029,10.288309,1.0]
--------
[-0.7418567,0.14053392,-0.6556668,0.0]
[0.0,0.9777921,0.20957741,0.0]
[0.6705585,0.1554764,-0.7253816,0.0]
[2.5634103,-3.285029,10.288309,1.0]
--------
[-0.7418567,0.14053392,-0.6556668,0.0]
[0.0,0.9777921,0.20957741,0.0]
[0.6705585,0.1554764,-0.7253816,0.0]
[2.5634103,-3.285029,10.288309,1.0]
--------
[-0.7418567,0.14053392,-0.6556668,0.0]
[0.0,0.9777921,0.20957741,0.0]
[0.6705585,0.1554764,-0.7253816,0.0]
[2.5634103,-3.285029,10.288309,1.0]
--------
[-0.7418567,0.14053392,-0.6556668,0.0]
[0.0,0.9777921,0.20957741,0.0]
[0.6705585,0.1554764,-0.7253816,0.0]
[2.5634103,-3.285029,10.288309,1.0]
--------
[-0.7418567,0.14053392,-0.6556668,0.0]
[0.0,0.9777921,0.20957741,0.0]
[0.6705585,0.1554764,-0.7253816,0.0]
[2.5634103,-3.285029,10.288309,1.0]
--------
[-0.7418567,0.14053392,-0.6556668,0.0]
[0.0,0.9777921,0.20957741,0.0]
[0.6705585,0.1554764,-0.7253816,0.0]
[2.5634103,-3.285029,10.288309,1.0]
--------
[-0.7418567,0.14053392,-0.6556668,0.0]
[0.0,0.9777921,0.20957741,0.0]
[0.6705585,0.1554764,-0.7253816,0.0]
[2.5634103,-3.285029,10.288309,1.0]
--------
[-0.7418567,0.14053392,-0.6556668,0.0]
[0.0,0.9777921,0.20957741,0.0]
[0.6705585,0.1554764,-0.7253816,0.0]
[2.5634103,-3.285029,10.288309,1.0]
--------
[-0.7418567,0.14053392,-0.6556668,0.0]
[0.0,0.9777921,0.20957741,0.0]
[0.6705585,0.1554764,-0.7253816,0.0]
[2.5634103,-3.285029,10.288309,1.0]
--------
[-0.7418567,0.14053392,-0.6556668,0.0]
[0.0,0.9777921,0.20957741,0.0]
[0.6705585,0.1554764,-0.7253816,0.0]
[2.5634103,-3.285029,10.288309,1.0]
--------
[-0.7418567,0.14053392,-0.6556668,0.0]
[0.0,0.9777921,0.20957741,0.0]
[0.6705585,0.1554764,-0.7253816,0.0]
[2.5634103,-3.285029,10.288309,1.0]
--------
[-0.7418567,0.14053392,-0.6556668,0.0]
[0.0,0.9777921,0.20957741,0.0]
[0.6705585,0.1554764,-0.7253816,0.0]
[2.5634103,-3.285029,10.288309,1.0]
--------
[-0.7418567,0.14053392,-0.6556668,0.0]
[0.0,0.9777921,0.20957741,0.0]
[0.6705585,0.1554764,-0.7253816,0.0]
[2.5634103,-3.285029,10.288309,1.0]
--------
[1.0,4.1800507e-14,-1.2556659e-6,0.0]
[0.0,1.0,3.3289513e-8,0.0]
[1.2556659e-6,-3.3289513e-8,1.0,0.0]
[-9.109051,-1.0558777,-6.254766,1.0]
--------
[0.9999756,2.3243055e-10,-6.982095e-3,0.0]
[0.0,1.0,3.3289513e-8,0.0]
[6.982095e-3,-3.3288703e-8,0.9999756,0.0]
[-9.152493,-1.0558777,-6.191025,1.0]
--------
[0.99961007,9.2953106e-10,-2.792264e-2,0.0]
[0.0,1.0,3.3289513e-8,0.0]
[2.792264e-2,-3.327653e-8,0.99961007,0.0]
[-9.280142,-1.0558777,-5.99799,1.0]
--------
[0.9986295,1.7422703e-9,-5.2336913e-2,0.0]
[0.0,1.0,3.3289513e-8,0.0]
[5.2336913e-2,-3.324389e-8,0.9986295,0.0]
[-9.423915,-1.0558777,-5.7694664,1.0]
--------
[0.9986295,1.7422703e-9,-5.2336913e-2,0.0]
[0.0,1.0,3.3289513e-8,0.0]
[5.2336913e-2,-3.324389e-8,0.9986295,0.0]
[-9.423915,-1.0558777,-5.7694664,1.0]
--------
[0.9986295,1.7422703e-9,-5.2336913e-2,0.0]
[0.0,1.0,3.3289513e-8,0.0]
[5.2336913e-2,-3.324389e-8,0.9986295,0.0]
[-9.423915,-1.0558777,-5.7694664,1.0]
--------
[0.9986295,1.7422703e-9,-5.2336913e-2,0.0]
[0.0,1.0,3.3289513e-8,0.0]
[5.2336913e-2,-3.324389e-8,0.9986295,0.0]
[-9.423915,-1.0558777,-5.7694664,1.0]
--------
[0.9986295,1.7422703e-9,-5.2336913e-2,0.0]
[0.0,1.0,3.3289513e-8,0.0]
[5.2336913e-2,-3.324389e-8,0.9986295,0.0]
[-9.423915,-1.0558777,-5.7694664,1.0]
--------
[0.9986295,1.7422703e-9,-5.2336913e-2,0.0]
[0.0,1.0,3.3289513e-8,0.0]
[5.2336913e-2,-3.324389e-8,0.9986295,0.0]
[-9.423915,-1.0558777,-5.7694664,1.0]
--------
[0.9986295,1.7422703e-9,-5.2336913e-2,0.0]
[0.0,1.0,3.3289513e-8,0.0]
[5.2336913e-2,-3.324389e-8,0.9986295,0.0]
[-9.423915,-1.0558777,-5.7694664,1.0]
--------
[0.9986295,1.7422703e-9,-5.2336913e-2,0.0]
[0.0,1.0,3.3289513e-8,0.0]
[5.2336913e-2,-3.324389e-8,0.9986295,0.0]
[-9.423915,-1.0558777,-5.7694664,1.0]
--------
[0.9986295,1.7422703e-9,-5.2336913e-2,0.0]
[0.0,1.0,3.3289513e-8,0.0]
[5.2336913e-2,-3.324389e-8,0.9986295,0.0]
[-9.423915,-1.0558777,-5.7694664,1.0]
--------
[0.9986295,1.7422703e-9,-5.2336913e-2,0.0]
[0.0,1.0,3.3289513e-8,0.0]
[5.2336913e-2,-3.324389e-8,0.9986295,0.0]
[-9.423915,-1.0558777,-5.7694664,1.0]
--------
[0.9986295,1.7422703e-9,-5.2336913e-2,0.0]
[0.0,1.0,3.3289513e-8,0.0]
[5.2336913e-2,-3.324389e-8,0.9986295,0.0]
[-9.423915,-1.0558777,-5.7694664,1.0]
--------
[0.9986295,1.7422703e-9,-5.2336913e-2,0.0]
[0.0,1.0,3.3289513e-8,0.0]
[5.2336913e-2,-3.324389e-8,0.9986295,0.0]
[-9.423915,-1.0558777,-5.7694664,1.0]
--------
[0.9986295,1.7422703e-9,-5.2336913e-2,0.0]
[0.0,1.0,3.3289513e-8,0.0]
[5.2336913e-2,-3.324389e-8,0.9986295,0.0]
[-9.423915,-1.0558777,-5.7694664,1.0]
--------
[0.9986295,1.7422703e-9,-5.2336913e-2,0.0]
[0.0,1.0,3.3289513e-8,0.0]
[5.2336913e-2,-3.324389e-8,0.9986295,0.0]
[-9.423915,-1.0558777,-5.7694664,1.0]
--------
[0.9986295,1.7422703e-9,-5.2336913e-2,0.0]
[0.0,1.0,3.3289513e-8,0.0]
[5.2336913e-2,-3.324389e-8,0.9986295,0.0]
[-9.423915,-1.0558777,-5.7694664,1.0]
--------
[0.9986295,1.7422703e-9,-5.2336913e-2,0.0]
[0.0,1.0,3.3289513e-8,0.0]
[5.2336913e-2,-3.324389e-8,0.9986295,0.0]
[-9.423915,-1.0558777,-5.7694664,1.0]
--------
[0.9986295,1.7422703e-9,-5.2336913e-2,0.0]
[0.0,1.0,3.3289513e-8,0.0]
[5.2336913e-2,-3.324389e-8,0.9986295,0.0]
[-9.423915,-1.0558777,-5.7694664,1.0]
--------
[0.9986295,1.7422703e-9,-5.2336913e-2,0.0]
[0.0,1.0,3.3289513e-8,0.0]
[5.2336913e-2,-3.324389e-8,0.9986295,0.0]
[-9.423915,-1.0558777,-5.7694664,1.0]
--------
[0.9986295,1.7422703e-9,-5.2336913e-2,0.0]
[0.0,1.0,3.3289513e-8,0.0]
[5.2336913e-2,-3.324389e-8,0.9986295,0.0]
[-9.423915,-1.0558777,-5.7694664,1.0]
--------
[0.9986295,1.7422703e-9,-5.2336913e-2,0.0]
[0.0,1.0,3.3289513e-8,0.0]
[5.2336913e-2,-3.324389e-8,0.9986295,0.0]
[-9.423915,-1.0558777,-5.7694664,1.0]
--------
[0.9986295,1.7422703e-9,-5.2336913e-2,0.0]
[0.0,1.0,3.3289513e-8,0.0]
[5.2336913e-2,-3.324389e-8,0.9986295,0.0]
[-9.423915,-1.0558777,-5.7694664,1.0]
--------
[0.9986295,1.7422703e-9,-5.2336913e-2,0.0]
[0.0,1.0,3.3289513e-8,0.0]
[5.2336913e-2,-3.324389e-8,0.9986295,0.0]
[-9.423915,-1.0558777,-5.7694664,1.0]
--------
[0.9986295,1.7422703e-9,-5.2336913e-2,0.0]
[0.0,1.0,3.3289513e-8,0.0]
[5.2336913e-2,-3.324389e-8,0.9986295,0.0]
[-9.423915,-1.0558777,-5.7694664,1.0]
--------
[0.9986295,1.7422703e-9,-5.2336913e-2,0.0]
[0.0,1.0,3.3289513e-8,0.0]
[5.2336913e-2,-3.324389e-8,0.9986295,0.0]
[-9.423915,-1.0558777,-5.7694664,1.0]
--------
[0.9986295,1.7422703e-9,-5.2336913e-2,0.0]
[0.0,1.0,3.3289513e-8,0.0]
[5.2336913e-2,-3.324389e-8,0.9986295,0.0]
[-9.423915,-1.0558777,-5.7694664,1.0]
--------
[0.9986295,1.7422703e-9,-5.2336913e-2,0.0]
[0.0,1.0,3.3289513e-8,0.0]
[5.2336913e-2,-3.324389e-8,0.9986295,0.0]
[-9.423915,-1.0558777,-5.7694664,1.0]
--------
[0.9986295,1.7422703e-9,-5.2336913e-2,0.0]
[0.0,1.0,3.3289513e-8,0.0]
[5.2336913e-2,-3.324389e-8,0.9986295,0.0]
[-9.423915,-1.0558777,-5.7694664,1.0]
--------
[0.9986295,1.7422703e-9,-5.2336913e-2,0.0]
[0.0,1.0,3.3289513e-8,0.0]
[5.2336913e-2,-3.324389e-8,0.9986295,0.0]
[-9.423915,-1.0558777,-5.7694664,1.0]
--------
[0.9986295,1.7422703e-9,-5.2336913e-2,0.0]
[0.0,1.0,3.3289513e-8,0.0]
[5.2336913e-2,-3.324389e-8,0.9986295,0.0]
[-9.423915,-1.0558777,-5.7694664,1.0]
--------
[0.9986295,1.7422703e-9,-5.2336913e-2,0.0]
[0.0,1.0,3.3289513e-8,0.0]
[5.2336913e-2,-3.324389e-8,0.9986295,0.0]
[-9.423915,-1.0558777,-5.7694664,1.0]
--------
[0.9986295,1.7422703e-9,-5.2336913e-2,0.0]
[0.0,1.0,3.3289513e-8,0.0]
[5.2336913e-2,-3.324389e-8,0.9986295,0.0]
[-9.423915,-1.0558777,-5.7694664,1.0]
--------
[0.9986295,1.7422703e-9,-5.2336913e-2,0.0]
[0.0,1.0,3.3289513e-8,0.0]
[5.2336913e-2,-3.324389e-8,0.9986295,0.0]
[-9.423915,-1.0558777,-5.7694664,1.0]
--------
[0.9986295,1.7422703e-9,-5.2336913e-2,0.0]
[0.0,1.0,3.3289513e-8,0.0]
[5.2336913e-2,-3.324389e-8,0.9986295,0.0]
[-9.423915,-1.0558777,-5.7694664,1.0]
--------
[0.9986295,1.7422703e-9,-5.2336913e-2,0.0]
[0.0,1.0,3.3289513e-8,0.0]
[5.2336913e-2,-3.324389e-8,0.9986295,0.0]
[-9.423915,-1.0558777,-5.7694664,1.0]
--------
[0.9986295,1.7422703e-9,-5.2336913e-2,0.0]
[0.0,1.0,3.3289513e-8,0.0]
[5.2336913e-2,-3.324389e-8,0.9986295,0.0]
[-9.423915,-1.0558777,-5.7694664,1.0]
