[1.0,0.0,0.0,0.0]
[0.0,1.0,0.0,0.0]
[0.0,0.0,1.0,0.0]
[0.0,-19.99,0.0,1.0]
--------
[-0.87841547,-0.4721781,-7.3716424e-2,0.0]
[0.0,0.15425146,-0.9880316,0.0]
[0.47789776,-0.8679023,-0.13549687,0.0]
[0.0,-3.0804014,19.730991,1.0]
--------
[-0.87841547,-0.4721781,-7.3716424e-2,0.0]
[0.0,0.15425146,-0.9880316,0.0]
[0.47789776,-0.8679023,-0.13549687,0.0]
[0.0,-3.0757737,19.70135,1.0]
--------
[-0.87841547,-0.4721781,-7.3716424e-2,0.0]
[0.0,0.15425146,-0.9880316,0.0]
[0.47789776,-0.8679023,-0.13549687,0.0]
[0.0,-3.0696037,19.661827,1.0]
--------
[-0.87841547,-0.4721781,-7.3716424e-2,0.0]
[0.0,0.15425146,-0.9880316,0.0]
[0.47789776,-0.8679023,-0.13549687,0.0]
[0.0,-3.061891,19.612427,1.0]
--------
[-0.87841547,-0.4721781,-7.3716424e-2,0.0]
[0.0,0.15425146,-0.9880316,0.0]
[0.47789776,-0.8679023,-0.13549687,0.0]
[0.0,-3.0526361,19.553144,1.0]
--------
[-0.87841547,-0.4721781,-7.3716424e-2,0.0]
[0.0,0.15425146,-0.9880316,0.0]
[0.47789776,-0.8679023,-0.13549687,0.0]
[0.0,-3.0418386,19.483982,1.0]
--------
[-0.87841547,-0.4721781,-7.3716424e-2,0.0]
[0.0,0.15425146,-0.9880316,0.0]
[0.47789776,-0.8679023,-0.13549687,0.0]
[0.0,-3.0294986,19.40494,1.0]
--------
[-0.87841547,-0.4721781,-7.3716424e-2,0.0]
[0.0,0.15425146,-0.9880316,0.0]
[0.47789776,-0.8679023,-0.13549687,0.0]
[0.0,-3.015616,19.316017,1.0]
--------
[-0.87841547,-0.4721781,-7.3716424e-2,0.0]
[0.0,0.15425146,-0.9880316,0.0]
[0.47789776,-0.8679023,-0.13549687,0.0]
[0.0,-3.0001907,19.217215,1.0]
--------
[-0.87841547,-0.4721781,-7.3716424e-2,0.0]
[0.0,0.15425146,-0.9880316,0.0]
[0.47789776,-0.8679023,-0.13549687,0.0]
[0.0,-2.983223,19.10853,1.0]
--------
[-0.87841547,-0.4721781,-7.3716424e-2,0.0]
[0.0,0.15425146,-0.9880316,0.0]
[0.47789776,-0.8679023,-0.13549687,0.0]
[0.0,-2.9647126,18.989965,1.0]
--------
[-0.87841547,-0.4721781,-7.3716424e-2,0.0]
[0.0,0.15425146,-0.9880316,0.0]
[0.47789776,-0.8679023,-0.13549687,0.0]
[0.0,-2.94466,18.861523,1.0]
--------
[-0.87841547,-0.4721781,-7.3716424e-2,0.0]
[0.0,0.15425146,-0.9880316,0.0]
[0.47789776,-0.8679023,-0.13549687,0.0]
[0.0,-2.923065,18.723198,1.0]
--------
[-0.87841547,-0.4721781,-7.3716424e-2,0.0]
[0.0,0.15425146,-0.9880316,0.0]
[0.47789776,-0.8679023,-0.13549687,0.0]
[0.0,-2.8999274,18.574993,1.0]
--------
[-0.87841547,-0.4721781,-7.3716424e-2,0.0]
[0.0,0.15425146,-0.9880316,0.0]
[0.47789776,-0.8679023,-0.13549687,0.0]
[0.0,-2.875247,18.416908,1.0]
--------
[-0.87841547,-0.4721781,-7.3716424e-2,0.0]
[0.0,0.15425146,-0.9880316,0.0]
[0.47789776,-0.8679023,-0.13549687,0.0]
[0.0,-2.8490243,18.248943,1.0]
--------
[-0.87841547,-0.4721781,-7.3716424e-2,0.0]
[0.0,0.15425146,-0.9880316,0.0]
[0.47789776,-0.8679023,-0.13549687,0.0]
[0.0,-2.821259,18.071098,1.0]
--------
[-0.87841547,-0.4721781,-7.3716424e-2,0.0]
[0.0,0.15425146,-0.9880316,0.0]
[0.47789776,-0.8679023,-0.13549687,0.0]
[0.0,-2.7919512,17.883371,1.0]
--------
[-0.87841547,-0.4721781,-7.3716424e-2,0.0]
[0.0,0.15425146,-0.9880316,0.0]
[0.47789776,-0.8679023,-0.13549687,0.0]
[0.0,-2.7611008,17.685764,1.0]
--------
[-0.87841547,-0.4721781,-7.3716424e-2,0.0]
[0.0,0.15425146,-0.9880316,0.0]
[0.47789776,-0.8679023,-0.13549687,0.0]
[0.0,-2.728708,17.478277,1.0]
--------
[-0.87841547,-0.4721781,-7.3716424e-2,0.0]
[0.0,0.15425146,-0.9880316,0.0]
[0.47789776,-0.8679023,-0.13549687,0.0]
[0.0,-2.6947727,17.260912,1.0]
--------
[-0.87841547,-0.4721781,-7.3716424e-2,0.0]
[0.0,0.15425146,-0.9880316,0.0]
[0.47789776,-0.8679023,-0.13549687,0.0]
[0.0,-2.659295,17.033665,1.0]
--------
[-0.87841547,-0.4721781,-7.3716424e-2,0.0]
[0.0,0.15425146,-0.9880316,0.0]
[0.47789776,-0.8679023,-0.13549687,0.0]
[0.0,-2.6222749,16.796537,1.0]
--------
[-0.87841547,-0.4721781,-7.3716424e-2,0.0]
[0.0,0.15425146,-0.9880316,0.0]
[0.47789776,-0.8679023,-0.13549687,0.0]
[0.0,-2.5837119,16.54953,1.0]
--------
[-0.87841547,-0.4721781,-7.3716424e-2,0.0]
[0.0,0.15425146,-0.9880316,0.0]
[0.47789776,-0.8679023,-0.13549687,0.0]
[0.0,-2.5436065,16.29264,1.0]
--------
[-0.87841547,-0.4721781,-7.3716424e-2,0.0]
[0.0,0.15425146,-0.9880316,0.0]
[0.47789776,-0.8679023,-0.13549687,0.0]
[0.0,-2.5019586,16.025873,1.0]
--------
[-0.87841547,-0.4721781,-7.3716424e-2,0.0]
[0.0,0.15425146,-0.9880316,0.0]
[0.47789776,-0.8679023,-0.13549687,0.0]
[0.0,-2.4587681,15.749224,1.0]
--------
[-0.87841547,-0.4721781,-7.3716424e-2,0.0]
[0.0,0.15425146,-0.9880316,0.0]
[0.47789776,-0.8679023,-0.13549687,0.0]
[0.0,-2.4140353,15.462694,1.0]
--------
[-0.87841547,-0.4721781,-7.3716424e-2,0.0]
[0.0,0.15425146,-0.9880316,0.0]
[0.47789776,-0.8679023,-0.13549687,0.0]
[0.0,-2.3677597,15.166285,1.0]
--------
[-0.87841547,-0.4721781,-7.3716424e-2,0.0]
[0.0,0.15425146,-0.9880316,0.0]
[0.47789776,-0.8679023,-0.13549687,0.0]
[0.0,-2.3199418,14.859995,1.0]
--------
[-0.87841547,-0.4721781,-7.3716424e-2,0.0]
[0.0,0.15425146,-0.9880316,0.0]
[0.47789776,-0.8679023,-0.13549687,0.0]
[0.0,-2.2705812,14.543825,1.0]
--------
[-0.87841547,-0.4721781,-7.3716424e-2,0.0]
[0.0,0.15425146,-0.9880316,0.0]
[0.47789776,-0.8679023,-0.13549687,0.0]
[0.0,-2.2196784,14.217774,1.0]
--------
[-0.87841547,-0.4721781,-7.3716424e-2,0.0]
[0.0,0.15425146,-0.9880316,0.0]
[0.47789776,-0.8679023,-0.13549687,0.0]
[0.0,-2.1672328,13.881844,1.0]
--------
[-0.87841547,-0.4721781,-7.3716424e-2,0.0]
[0.0,0.15425146,-0.9880316,0.0]
[0.47789776,-0.8679023,-0.13549687,0.0]
[0.0,-2.1132448,13.536032,1.0]
--------
[-0.87841547,-0.4721781,-7.3716424e-2,0.0]
[0.0,0.15425146,-0.9880316,0.0]
[0.47789776,-0.8679023,-0.13549687,0.0]
[0.0,-2.0577142,13.180341,1.0]
--------
[-0.87841547,-0.4721781,-7.3716424e-2,0.0]
[0.0,0.15425146,-0.9880316,0.0]
[0.47789776,-0.8679023,-0.13549687,0.0]
[0.0,-2.0006413,12.81477,1.0]
--------
[-0.87841547,-0.4721781,-7.3716424e-2,0.0]
[0.0,0.15425146,-0.9880316,0.0]
[0.47789776,-0.8679023,-0.13549687,0.0]
[0.0,-1.9420257,12.439318,1.0]
--------
[-0.87841547,-0.4721781,-7.3716424e-2,0.0]
[0.0,0.15425146,-0.9880316,0.0]
[0.47789776,-0.8679023,-0.13549687,0.0]
[0.0,-1.8818676,12.053985,1.0]
--------
[-0.87841547,-0.4721781,-7.3716424e-2,0.0]
[0.0,0.15425146,-0.9880316,0.0]
[0.47789776,-0.8679023,-0.13549687,0.0]
[0.0,-1.8201671,11.658772,1.0]
--------
[-0.87841547,-0.4721781,-7.3716424e-2,0.0]
[0.0,0.15425146,-0.9880316,0.0]
[0.47789776,-0.8679023,-0.13549687,0.0]
[0.0,-1.756924,11.253679,1.0]
--------
[-0.87841547,-0.4721781,-7.3716424e-2,0.0]
[0.0,0.15425146,-0.9880316,0.0]
[0.47789776,-0.8679023,-0.13549687,0.0]
[0.0,-1.6921383,10.838706,1.0]
--------
[-0.87841547,-0.4721781,-7.3716424e-2,0.0]
[0.0,0.15425146,-0.9880316,0.0]
[0.47789776,-0.8679023,-0.13549687,0.0]
[0.0,-1.6258101,10.413853,1.0]
--------
[-0.87841547,-0.4721781,-7.3716424e-2,0.0]
[0.0,0.15425146,-0.9880316,0.0]
[0.47789776,-0.8679023,-0.13549687,0.0]
[0.0,-1.5579396,9.979119,1.0]
--------
[-0.87841547,-0.4721781,-7.3716424e-2,0.0]
[0.0,0.15425146,-0.9880316,0.0]
[0.47789776,-0.8679023,-0.13549687,0.0]
[0.0,-1.4885265,9.534505,1.0]
--------
[-0.87841547,-0.4721781,-7.3716424e-2,0.0]
[0.0,0.15425146,-0.9880316,0.0]
[0.47789776,-0.8679023,-0.13549687,0.0]
[0.0,-1.4175708,9.08001,1.0]
--------
[-0.87841547,-0.4721781,-7.3716424e-2,0.0]
[0.0,0.15425146,-0.9880316,0.0]
[0.47789776,-0.8679023,-0.13549687,0.0]
[0.0,-1.3450726,8.615635,1.0]
--------
[-0.87841547,-0.4721781,-7.3716424e-2,0.0]
[0.0,0.15425146,-0.9880316,0.0]
[0.47789776,-0.8679023,-0.13549687,0.0]
[0.0,-1.271032,8.14138,1.0]
--------
[-0.87841547,-0.4721781,-7.3716424e-2,0.0]
[0.0,0.15425146,-0.9880316,0.0]
[0.47789776,-0.8679023,-0.13549687,0.0]
[0.0,-1.1954488,7.657245,1.0]
--------
[-0.87841547,-0.4721781,-7.3716424e-2,0.0]
[0.0,0.15425146,-0.9880316,0.0]
[0.47789776,-0.8679023,-0.13549687,0.0]
[0.0,-1.1183231,7.1632295,1.0]
--------
[-0.87841547,-0.4721781,-7.3716424e-2,0.0]
[0.0,0.15425146,-0.9880316,0.0]
[0.47789776,-0.8679023,-0.13549687,0.0]
[0.0,-1.0396549,6.659333,1.0]
--------
[-0.87841547,-0.4721781,-7.3716424e-2,0.0]
[0.0,0.15425146,-0.9880316,0.0]
[0.47789776,-0.8679023,-0.13549687,0.0]
[0.0,-0.9594441,6.145557,1.0]
--------
[-0.87841547,-0.4721781,-7.3716424e-2,0.0]
[0.0,0.15425146,-0.9880316,0.0]
[0.47789776,-0.8679023,-0.13549687,0.0]
[0.0,-0.87769085,5.6219006,1.0]
--------
[-0.87841547,-0.4721781,-7.3716424e-2,0.0]
[0.0,0.15425146,-0.9880316,0.0]
[0.47789776,-0.8679023,-0.13549687,0.0]
[0.0,-0.7943951,5.0883636,1.0]
--------
[-0.87841547,-0.4721781,-7.3716424e-2,0.0]
[0.0,0.15425146,-0.9880316,0.0]
[0.47789776,-0.8679023,-0.13549687,0.0]
[0.0,-0.7095568,4.544946,1.0]
--------
[-0.87841547,-0.4721781,-7.3716424e-2,0.0]
[0.0,0.15425146,-0.9880316,0.0]
[0.47789776,-0.8679023,-0.13549687,0.0]
[0.0,-0.62317604,3.9916487,1.0]
--------
[-0.87841547,-0.4721781,-7.3716424e-2,0.0]
[0.0,0.15425146,-0.9880316,0.0]
[0.47789776,-0.8679023,-0.13549687,0.0]
[0.0,-0.53525275,3.4284708,1.0]
--------
[-0.87841547,-0.4721781,-7.3716424e-2,0.0]
[0.0,0.15425146,-0.9880316,0.0]
[0.47789776,-0.8679023,-0.13549687,0.0]
[0.0,-0.44578695,2.855413,1.0]
--------
[-0.87841547,-0.4721781,-7.3716424e-2,0.0]
[0.0,0.15425146,-0.9880316,0.0]
[0.47789776,-0.8679023,-0.13549687,0.0]
[0.0,-0.35477865,2.2724745,1.0]
--------
[-0.87841547,-0.4721781,-7.3716424e-2,0.0]
[0.0,0.15425146,-0.9880316,0.0]
[0.47789776,-0.8679023,-0.13549687,0.0]
[0.0,-0.35477865,2.2724745,1.0]
--------
[-0.87841547,-0.4721781,-7.3716424e-2,0.0]
[0.0,0.15425146,-0.9880316,0.0]
[0.47789776,-0.8679023,-0.13549687,0.0]
[0.0,-0.3532361,2.2625942,1.0]
--------
[-0.87841547,-0.4721781,-7.3716424e-2,0.0]
[0.0,0.15425146,-0.9880316,0.0]
[0.47789776,-0.8679023,-0.13549687,0.0]
[0.0,-0.3501511,2.2428336,1.0]
--------
[-0.87841547,-0.4721781,-7.3716424e-2,0.0]
[0.0,0.15425146,-0.9880316,0.0]
[0.47789776,-0.8679023,-0.13549687,0.0]
[0.0,-0.34552357,2.2131927,1.0]
--------
[-0.87841547,-0.4721781,-7.3716424e-2,0.0]
[0.0,0.15425146,-0.9880316,0.0]
[0.47789776,-0.8679023,-0.13549687,0.0]
[0.0,-0.3393535,2.1736715,1.0]
--------
[-0.87841547,-0.4721781,-7.3716424e-2,0.0]
[0.0,0.15425146,-0.9880316,0.0]
[0.47789776,-0.8679023,-0.13549687,0.0]
[0.0,-0.33164093,2.12427,1.0]
--------
[-0.87841547,-0.4721781,-7.3716424e-2,0.0]
[0.0,0.15425146,-0.9880316,0.0]
[0.47789776,-0.8679023,-0.13549687,0.0]
[0.0,-0.32238585,2.0649881,1.0]
--------
[-0.87841547,-0.4721781,-7.3716424e-2,0.0]
[0.0,0.15425146,-0.9880316,0.0]
[0.47789776,-0.8679023,-0.13549687,0.0]
[0.0,-0.31158826,1.995826,1.0]
--------
[-0.87841547,-0.4721781,-7.3716424e-2,0.0]
[0.0,0.15425146,-0.9880316,0.0]
[0.47789776,-0.8679023,-0.13549687,0.0]
[0.0,-0.31158826,1.995826,1.0]
--------
[-0.87841547,-0.4721781,-7.3716424e-2,0.0]
[0.0,0.15425146,-0.9880316,0.0]
[0.47789776,-0.8679023,-0.13549687,0.0]
[0.0,-0.31158826,1.995826,1.0]
--------
[-0.87841547,-0.4721781,-7.3716424e-2,0.0]
[0.0,0.15425146,-0.9880316,0.0]
[0.47789776,-0.8679023,-0.13549687,0.0]
[0.0,-0.31158826,1.995826,1.0]
--------
[-0.87841547,-0.4721781,-7.3716424e-2,0.0]
[0.0,0.15425146,-0.9880316,0.0]
[0.47789776,-0.8679023,-0.13549687,0.0]
[0.0,-0.31158826,1.995826,1.0]
--------
[-0.87841547,-0.4721781,-7.3716424e-2,0.0]
[0.0,0.15425146,-0.9880316,0.0]
[0.47789776,-0.8679023,-0.13549687,0.0]
[0.0,-0.31158826,1.995826,1.0]
--------
[-0.87841547,-0.4721781,-7.3716424e-2,0.0]
[0.0,0.15425146,-0.9880316,0.0]
[0.47789776,-0.8679023,-0.13549687,0.0]
[0.0,-0.31158826,1.995826,1.0]
--------
[-0.87841547,-0.4721781,-7.3716424e-2,0.0]
[0.0,0.15425146,-0.9880316,0.0]
[0.47789776,-0.8679023,-0.13549687,0.0]
[0.0,-0.31158826,1.995826,1.0]
--------
[-0.87841547,-0.4721781,-7.3716424e-2,0.0]
[0.0,0.15425146,-0.9880316,0.0]
[0.47789776,-0.8679023,-0.13549687,0.0]
[0.0,-0.31158826,1.995826,1.0]
--------
[-0.87841547,-0.4721781,-7.3716424e-2,0.0]
[0.0,0.15425146,-0.9880316,0.0]
[0.47789776,-0.8679023,-0.13549687,0.0]
[0.0,-0.31158826,1.995826,1.0]
--------
[-0.87841547,-0.4721781,-7.3716424e-2,0.0]
[0.0,0.15425146,-0.9880316,0.0]
[0.47789776,-0.8679023,-0.13549687,0.0]
[0.0,-0.31158826,1.995826,1.0]
--------
[-0.87841547,-0.4721781,-7.3716424e-2,0.0]
[0.0,0.15425146,-0.9880316,0.0]
[0.47789776,-0.8679023,-0.13549687,0.0]
[0.0,-0.31158826,1.995826,1.0]
--------
[-0.87841547,-0.4721781,-7.3716424e-2,0.0]
[0.0,0.15425146,-0.9880316,0.0]
[0.47789776,-0.8679023,-0.13549687,0.0]
[0.0,-0.31158826,1.995826,1.0]
--------
[-0.87841547,-0.4721781,-7.3716424e-2,0.0]
[0.0,0.15425146,-0.9880316,0.0]
[0.47789776,-0.8679023,-0.13549687,0.0]
[0.0,-0.31158826,1.995826,1.0]
--------
[-0.87841547,-0.4721781,-7.3716424e-2,0.0]
[0.0,0.15425146,-0.9880316,0.0]
[0.47789776,-0.8679023,-0.13549687,0.0]
[0.0,-0.31158826,1.995826,1.0]
--------
[-0.87841547,-0.4721781,-7.3716424e-2,0.0]
[0.0,0.15425146,-0.9880316,0.0]
[0.47789776,-0.8679023,-0.13549687,0.0]
[0.0,-0.31158826,1.995826,1.0]
--------
[-0.87841547,-0.4721781,-7.3716424e-2,0.0]
[0.0,0.15425146,-0.9880316,0.0]
[0.47789776,-0.8679023,-0.13549687,0.0]
[0.0,-0.31158826,1.995826,1.0]
--------
[-0.87841547,-0.4721781,-7.3716424e-2,0.0]
[0.0,0.15425146,-0.9880316,0.0]
[0.47789776,-0.8679023,-0.13549687,0.0]
[0.0,-0.31158826,1.995826,1.0]
--------
[-0.87841547,-0.4721781,-7.3716424e-2,0.0]
[0.0,0.15425146,-0.9880316,0.0]
[0.47789776,-0.8679023,-0.13549687,0.0]
[0.0,-0.31158826,1.995826,1.0]
--------
[-0.87841547,-0.4721781,-7.3716424e-2,0.0]
[0.0,0.15425146,-0.9880316,0.0]
[0.47789776,-0.8679023,-0.13549687,0.0]
[0.0,-0.31158826,1.995826,1.0]
--------
[-0.87841547,-0.4721781,-7.3716424e-2,0.0]
[0.0,0.15425146,-0.9880316,0.0]
[0.47789776,-0.8679023,-0.13549687,0.0]
[0.0,-0.31158826,1.995826,1.0]
--------
[-0.87841547,-0.4721781,-7.3716424e-2,0.0]
[0.0,0.15425146,-0.9880316,0.0]
[0.47789776,-0.8679023,-0.13549687,0.0]
[0.0,-0.31158826,1.995826,1.0]
--------
[-0.87841547,-0.4721781,-7.3716424e-2,0.0]
[0.0,0.15425146,-0.9880316,0.0]
[0.47789776,-0.8679023,-0.13549687,0.0]
[0.0,-0.31158826,1.995826,1.0]
--------
[-0.87841547,-0.4721781,-7.3716424e-2,0.0]
[0.0,0.15425146,-0.9880316,0.0]
[0.47789776,-0.8679023,-0.13549687,0.0]
[0.0,-0.31158826,1.995826,1.0]
--------
[-0.87841547,-0.4721781,-7.3716424e-2,0.0]
[0.0,0.15425146,-0.9880316,0.0]
[0.47789776,-0.8679023,-0.13549687,0.0]
[0.0,-0.31158826,1.995826,1.0]
--------
[-0.87841547,-0.4721781,-7.3716424e-2,0.0]
[0.0,0.15425146,-0.9880316,0.0]
[0.47789776,-0.8679023,-0.13549687,0.0]
[0.0,-0.31158826,1.995826,1.0]
--------
[-0.87841547,-0.4721781,-7.3716424e-2,0.0]
[0.0,0.15425146,-0.9880316,0.0]
[0.47789776,-0.8679023,-0.13549687,0.0]
[0.0,-0.31158826,1.995826,1.0]
--------
[-0.87841547,-0.4721781,-7.3716424e-2,0.0]
[0.0,0.15425146,-0.9880316,0.0]
[0.47789776,-0.8679023,-0.13549687,0.0]
[0.0,-0.31158826,1.995826,1.0]
--------
[-0.87841547,-0.4721781,-7.3716424e-2,0.0]
[0.0,0.15425146,-0.9880316,0.0]
[0.47789776,-0.8679023,-0.13549687,0.0]
[0.0,-0.31158826,1.995826,1.0]
--------
[-0.87841547,-0.4721781,-7.3716424e-2,0.0]
[0.0,0.15425146,-0.9880316,0.0]
[0.47789776,-0.8679023,-0.13549687,0.0]
[0.0,-0.31158826,1.995826,1.0]
--------
[-0.87841547,-0.4721781,-7.3716424e-2,0.0]
[0.0,0.15425146,-0.9880316,0.0]
[0.47789776,-0.8679023,-0.13549687,0.0]
[0.0,-0.31158826,1.995826,1.0]
--------
[-0.87841547,-0.4721781,-7.3716424e-2,0.0]
[0.0,0.15425146,-0.9880316,0.0]
[0.47789776,-0.8679023,-0.13549687,0.0]
[0.0,-0.31158826,1.995826,1.0]
--------
[-0.87841547,-0.4721781,-7.3716424e-2,0.0]
[0.0,0.15425146,-0.9880316,0.0]
[0.47789776,-0.8679023,-0.13549687,0.0]
[0.0,-0.31158826,1.995826,1.0]
--------
[-0.87841547,-0.4721781,-7.3716424e-2,0.0]
[0.0,0.15425146,-0.9880316,0.0]
[0.47789776,-0.8679023,-0.13549687,0.0]
[0.0,-0.31158826,1.995826,1.0]
--------
[-0.87841547,-0.4721781,-7.3716424e-2,0.0]
[0.0,0.15425146,-0.9880316,0.0]
[0.47789776,-0.8679023,-0.13549687,0.0]
[0.0,-0.31158826,1.995826,1.0]
--------
[-0.87841547,-0.4721781,-7.3716424e-2,0.0]
[0.0,0.15425146,-0.9880316,0.0]
[0.47789776,-0.8679023,-0.13549687,0.0]
[0.0,-0.31158826,1.995826,1.0]
--------
[-0.87841547,-0.4721781,-7.3716424e-2,0.0]
[0.0,0.15425146,-0.9880316,0.0]
[0.47789776,-0.8679023,-0.13549687,0.0]
[0.0,-0.31158826,1.995826,1.0]
--------
[-0.87841547,-0.4721781,-7.3716424e-2,0.0]
[0.0,0.15425146,-0.9880316,0.0]
[0.47789776,-0.8679023,-0.13549687,0.0]
[0.0,-0.31158826,1.995826,1.0]
--------
[-0.87841547,-0.4721781,-7.3716424e-2,0.0]
[0.0,0.15425146,-0.9880316,0.0]
[0.47789776,-0.8679023,-0.13549687,0.0]
[0.0,-0.31158826,1.995826,1.0]
--------
[-0.87841547,-0.4721781,-7.3716424e-2,0.0]
[0.0,0.15425146,-0.9880316,0.0]
[0.47789776,-0.8679023,-0.13549687,0.0]
[0.0,-0.31158826,1.995826,1.0]
--------
[-0.87841547,-0.4721781,-7.3716424e-2,0.0]
[0.0,0.15425146,-0.9880316,0.0]
[0.47789776,-0.8679023,-0.13549687,0.0]
[0.0,-0.31158826,1.995826,1.0]
--------
[-0.87841547,-0.4721781,-7.3716424e-2,0.0]
[0.0,0.15425146,-0.9880316,0.0]
[0.47789776,-0.8679023,-0.13549687,0.0]
[0.0,-0.31158826,1.995826,1.0]
--------
[-0.87841547,-0.4721781,-7.3716424e-2,0.0]
[0.0,0.15425146,-0.9880316,0.0]
[0.47789776,-0.8679023,-0.13549687,0.0]
[0.0,-0.31158826,1.995826,1.0]
--------
[-0.87841547,-0.4721781,-7.3716424e-2,0.0]
[0.0,0.15425146,-0.9880316,0.0]
[0.47789776,-0.8679023,-0.13549687,0.0]
[0.0,-0.31158826,1.995826,1.0]
--------
[-0.87841547,-0.4721781,-7.3716424e-2,0.0]
[0.0,0.15425146,-0.9880316,0.0]
[0.47789776,-0.8679023,-0.13549687,0.0]
[0.0,-0.31158826,1.995826,1.0]
--------
[-0.87841547,-0.4721781,-7.3716424e-2,0.0]
[0.0,0.15425146,-0.9880316,0.0]
[0.47789776,-0.8679023,-0.13549687,0.0]
[0.0,-0.31158826,1.995826,1.0]
--------
[-0.87841547,-0.4721781,-7.3716424e-2,0.0]
[0.0,0.15425146,-0.9880316,0.0]
[0.47789776,-0.8679023,-0.13549687,0.0]
[0.0,-0.31158826,1.995826,1.0]
--------
[-0.87841547,-0.4721781,-7.3716424e-2,0.0]
[0.0,0.15425146,-0.9880316,0.0]
[0.47789776,-0.8679023,-0.13549687,0.0]
[0.0,-0.31158826,1.995826,1.0]
--------
[-0.87841547,-0.4721781,-7.3716424e-2,0.0]
[0.0,0.15425146,-0.9880316,0.0]
[0.47789776,-0.8679023,-0.13549687,0.0]
[0.0,-0.31158826,1.995826,1.0]
--------
[-0.87841547,-0.4721781,-7.3716424e-2,0.0]
[0.0,0.15425146,-0.9880316,0.0]
[0.47789776,-0.8679023,-0.13549687,0.0]
[0.0,-0.31158826,1.995826,1.0]
--------
[-0.87841547,-0.4721781,-7.3716424e-2,0.0]
[0.0,0.15425146,-0.9880316,0.0]
[0.47789776,-0.8679023,-0.13549687,0.0]
[0.0,-0.31158826,1.995826,1.0]
--------
[-0.87841547,-0.4721781,-7.3716424e-2,0.0]
[0.0,0.15425146,-0.9880316,0.0]
[0.47789776,-0.8679023,-0.13549687,0.0]
[0.0,-0.31158826,1.995826,1.0]
--------
[-0.87841547,-0.4721781,-7.3716424e-2,0.0]
[0.0,0.15425146,-0.9880316,0.0]
[0.47789776,-0.8679023,-0.13549687,0.0]
[0.0,-0.31158826,1.995826,1.0]
--------
[-0.87841547,-0.4721781,-7.3716424e-2,0.0]
[0.0,0.15425146,-0.9880316,0.0]
[0.47789776,-0.8679023,-0.13549687,0.0]
[0.0,-0.31158826,1.995826,1.0]
--------
[-0.87841547,-0.4721781,-7.3716424e-2,0.0]
[0.0,0.15425146,-0.9880316,0.0]
[0.47789776,-0.8679023,-0.13549687,0.0]
[0.0,-0.31158826,1.995826,1.0]
--------
[-0.87841547,-0.4721781,-7.3716424e-2,0.0]
[0.0,0.15425146,-0.9880316,0.0]
[0.47789776,-0.8679023,-0.13549687,0.0]
[0.0,-0.31158826,1.995826,1.0]
--------
[-0.87841547,-0.4721781,-7.3716424e-2,0.0]
[0.0,0.15425146,-0.9880316,0.0]
[0.47789776,-0.8679023,-0.13549687,0.0]
[0.0,-0.31158826,1.995826,1.0]
--------
[-0.87841547,-0.4721781,-7.3716424e-2,0.0]
[0.0,0.15425146,-0.9880316,0.0]
[0.47789776,-0.8679023,-0.13549687,0.0]
[0.0,-0.31158826,1.995826,1.0]
--------
[-0.87841547,-0.4721781,-7.3716424e-2,0.0]
[0.0,0.15425146,-0.9880316,0.0]
[0.47789776,-0.8679023,-0.13549687,0.0]
[0.0,-0.31158826,1.995826,1.0]
--------
[-0.87841547,-0.4721781,-7.3716424e-2,0.0]
[0.0,0.15425146,-0.9880316,0.0]
[0.47789776,-0.8679023,-0.13549687,0.0]
[0.0,-0.31158826,1.995826,1.0]
--------
[-0.87841547,-0.4721781,-7.3716424e-2,0.0]
[0.0,0.15425146,-0.9880316,0.0]
[0.47789776,-0.8679023,-0.13549687,0.0]
[0.0,-0.31158826,1.995826,1.0]
--------
[-0.87841547,-0.4721781,-7.3716424e-2,0.0]
[0.0,0.15425146,-0.9880316,0.0]
[0.47789776,-0.8679023,-0.13549687,0.0]
[0.0,-0.31158826,1.995826,1.0]
--------
[-0.87841547,-0.4721781,-7.3716424e-2,0.0]
[0.0,0.15425146,-0.9880316,0.0]
[0.47789776,-0.8679023,-0.13549687,0.0]
[0.0,-0.31158826,1.995826,1.0]
--------
[-0.87841547,-0.4721781,-7.3716424e-2,0.0]
[0.0,0.15425146,-0.9880316,0.0]
[0.47789776,-0.8679023,-0.13549687,0.0]
[0.0,-0.31158826,1.995826,1.0]
--------
[-0.87841547,-0.4721781,-7.3716424e-2,0.0]
[0.0,0.15425146,-0.9880316,0.0]
[0.47789776,-0.8679023,-0.13549687,0.0]
[0.0,-0.31158826,1.995826,1.0]
--------
[-0.87841547,-0.4721781,-7.3716424e-2,0.0]
[0.0,0.15425146,-0.9880316,0.0]
[0.47789776,-0.8679023,-0.13549687,0.0]
[0.0,-0.31158826,1.995826,1.0]
--------
[-0.87841547,-0.4721781,-7.3716424e-2,0.0]
[0.0,0.15425146,-0.9880316,0.0]
[0.47789776,-0.8679023,-0.13549687,0.0]
[0.0,-0.31158826,1.995826,1.0]
--------
[-0.87841547,-0.4721781,-7.3716424e-2,0.0]
[0.0,0.15425146,-0.9880316,0.0]
[0.47789776,-0.8679023,-0.13549687,0.0]
[0.0,-0.31158826,1.995826,1.0]
--------
[-0.87841547,-0.4721781,-7.3716424e-2,0.0]
[0.0,0.15425146,-0.9880316,0.0]
[0.47789776,-0.8679023,-0.13549687,0.0]
[0.0,-0.31158826,1.995826,1.0]
--------
[-0.87841547,-0.4721781,-7.3716424e-2,0.0]
[0.0,0.15425146,-0.9880316,0.0]
[0.47789776,-0.8679023,-0.13549687,0.0]
[0.0,-0.31158826,1.995826,1.0]
--------
[-0.87841547,-0.4721781,-7.3716424e-2,0.0]
[0.0,0.15425146,-0.9880316,0.0]
[0.47789776,-0.8679023,-0.13549687,0.0]
[0.0,-0.31158826,1.995826,1.0]
--------
[-0.87841547,-0.4721781,-7.3716424e-2,0.0]
[0.0,0.15425146,-0.9880316,0.0]
[0.47789776,-0.8679023,-0.13549687,0.0]
[0.0,-0.31158826,1.995826,1.0]
--------
[-0.87841547,-0.4721781,-7.3716424e-2,0.0]
[0.0,0.15425146,-0.9880316,0.0]
[0.47789776,-0.8679023,-0.13549687,0.0]
[0.0,-0.31158826,1.995826,1.0]
--------
[-0.87841547,-0.4721781,-7.3716424e-2,0.0]
[0.0,0.15425146,-0.9880316,0.0]
[0.47789776,-0.8679023,-0.13549687,0.0]
[0.0,-0.31158826,1.995826,1.0]
--------
[-0.87841547,-0.4721781,-7.3716424e-2,0.0]
[0.0,0.15425146,-0.9880316,0.0]
[0.47789776,-0.8679023,-0.13549687,0.0]
[0.0,-0.31158826,1.995826,1.0]
--------
[-0.87841547,-0.4721781,-7.3716424e-2,0.0]
[0.0,0.15425146,-0.9880316,0.0]
[0.47789776,-0.8679023,-0.13549687,0.0]
[0.0,-0.31158826,1.995826,1.0]
--------
[-0.87841547,-0.4721781,-7.3716424e-2,0.0]
[0.0,0.15425146,-0.9880316,0.0]
[0.47789776,-0.8679023,-0.13549687,0.0]
[0.0,-0.31158826,1.995826,1.0]
--------
[-0.9217396,-0.38316798,-5.9820168e-2,0.0]
[0.0,0.15425146,-0.9880316,0.0]
[0.38780943,-0.91070783,-0.14217967,0.0]
[0.0,-0.31158826,1.995826,1.0]
--------
[-0.62025076,0.77501553,0.120995395,0.0]
[0.0,0.15425146,-0.9880316,0.0]
[-0.78440356,-0.61282736,-9.567458e-2,0.0]
[0.0,-0.31158826,1.995826,1.0]
--------
[0.97137153,0.2347221,3.6644805e-2,0.0]
[0.0,0.15425146,-0.9880316,0.0]
[-0.23756537,0.95974576,0.14983547,0.0]
[0.0,-0.31158826,1.995826,1.0]
--------
[-8.9220084e-2,-0.9840913,-0.15363629,0.0]
[0.0,0.15425146,-0.9880316,0.0]
[0.9960119,-8.815227e-2,-1.3762328e-2,0.0]
[0.0,-0.31158826,1.995826,1.0]
--------
[-0.9136847,0.405812,2.2289038e-2,0.0]
[0.0,5.484188e-2,-0.99849504,0.0]
[-0.40642366,-0.91230965,-5.0108187e-2,0.0]
[0.0,-0.110780716,2.016962,1.0]
--------
[0.43293503,0.9005073,-4.0668383e-2,0.0]
[0.0,-4.5115653e-2,-0.9989818,0.0]
[-0.9014251,0.4324942,-1.9532146e-2,0.0]
[0.0,9.113371e-2,2.0179453,1.0]
--------
[0.9297917,-0.36771142,1.660645e-2,0.0]
[0.0,-4.5115653e-2,-0.9989818,0.0]
[0.36808622,0.9288449,-4.194816e-2,0.0]
[0.0,9.113371e-2,2.0179453,1.0]
--------
[-6.165739e-3,-0.998476,-5.4840837e-2,0.0]
[0.0,5.484188e-2,-0.99849504,0.0]
[0.999981,-6.15646e-3,-3.3814073e-4,0.0]
[0.0,-0.110780716,2.016962,1.0]
--------
[-0.72162974,-0.6912374,-3.7965894e-2,0.0]
[0.0,5.484188e-2,-0.99849504,0.0]
[0.6922792,-0.72054374,-3.9575532e-2,0.0]
[0.0,-0.110780716,2.016962,1.0]
--------
[-0.8939762,-0.44743997,-2.4575435e-2,0.0]
[0.0,5.484188e-2,-0.99849504,0.0]
[0.44811437,-0.8926308,-4.9027335e-2,0.0]
[0.0,-0.110780716,2.016962,1.0]
--------
[-0.8939762,-0.44743997,-2.4575435e-2,0.0]
[0.0,5.484188e-2,-0.99849504,0.0]
[0.44811437,-0.8926308,-4.9027335e-2,0.0]
[0.0,-0.110780716,2.016962,1.0]
--------
[-0.8939762,-0.44743997,-2.4575435e-2,0.0]
[0.0,5.484188e-2,-0.99849504,0.0]
[0.44811437,-0.8926308,-4.9027335e-2,0.0]
[0.0,-0.110780716,2.016962,1.0]
--------
[-0.8939762,-0.44743997,-2.4575435e-2,0.0]
[0.0,5.484188e-2,-0.99849504,0.0]
[0.44811437,-0.8926308,-4.9027335e-2,0.0]
[0.0,-0.110780716,2.016962,1.0]
--------
[-0.8939762,-0.44743997,-2.4575435e-2,0.0]
[0.0,5.484188e-2,-0.99849504,0.0]
[0.44811437,-0.8926308,-4.9027335e-2,0.0]
[0.0,-0.110780716,2.016962,1.0]
--------
[-0.8939762,-0.44743997,-2.4575435e-2,0.0]
[0.0,5.484188e-2,-0.99849504,0.0]
[0.44811437,-0.8926308,-4.9027335e-2,0.0]
[0.0,-0.110780716,2.016962,1.0]
--------
[-0.8939762,-0.44743997,-2.4575435e-2,0.0]
[0.0,5.484188e-2,-0.99849504,0.0]
[0.44811437,-0.8926308,-4.9027335e-2,0.0]
[0.0,-0.110780716,2.016962,1.0]
--------
[-0.8939762,-0.44743997,-2.4575435e-2,0.0]
[0.0,5.484188e-2,-0.99849504,0.0]
[0.44811437,-0.8926308,-4.9027335e-2,0.0]
[0.0,-0.110780716,2.016962,1.0]
--------
[-0.8939762,-0.44743997,-2.4575435e-2,0.0]
[0.0,5.484188e-2,-0.99849504,0.0]
[0.44811437,-0.8926308,-4.9027335e-2,0.0]
[0.0,-0.110780716,2.016962,1.0]
--------
[-0.8939762,-0.44743997,-2.4575435e-2,0.0]
[0.0,5.484188e-2,-0.99849504,0.0]
[0.44811437,-0.8926308,-4.9027335e-2,0.0]
[0.0,-0.110780716,2.016962,1.0]
--------
[-0.8939762,-0.44743997,-2.4575435e-2,0.0]
[0.0,5.484188e-2,-0.99849504,0.0]
[0.44811437,-0.8926308,-4.9027335e-2,0.0]
[0.0,-0.110780716,2.016962,1.0]
--------
[-0.8939762,-0.44743997,-2.4575435e-2,0.0]
[0.0,5.484188e-2,-0.99849504,0.0]
[0.44811437,-0.8926308,-4.9027335e-2,0.0]
[0.0,-0.110780716,2.016962,1.0]
--------
[-0.8939762,-0.44743997,-2.4575435e-2,0.0]
[0.0,5.484188e-2,-0.99849504,0.0]
[0.44811437,-0.8926308,-4.9027335e-2,0.0]
[0.0,-0.110780716,2.016962,1.0]
--------
[-0.8939762,-0.44743997,-2.4575435e-2,0.0]
[0.0,5.484188e-2,-0.99849504,0.0]
[0.44811437,-0.8926308,-4.9027335e-2,0.0]
[0.0,-0.110780716,2.016962,1.0]
--------
[-0.8939762,-0.44743997,-2.4575435e-2,0.0]
[0.0,5.484188e-2,-0.99849504,0.0]
[0.44811437,-0.8926308,-4.9027335e-2,0.0]
[0.0,-0.110780716,2.016962,1.0]
--------
[-0.84477,-0.5343242,-2.9347511e-2,0.0]
[0.0,5.484188e-2,-0.99849504,0.0]
[0.53512955,-0.84349865,-4.6328776e-2,0.0]
[0.0,-0.110780716,2.016962,1.0]
--------
[-0.3950563,-0.91727436,-5.038087e-2,0.0]
[0.0,5.484188e-2,-0.99849504,0.0]
[0.9186569,-0.39446175,-2.166563e-2,0.0]
[0.0,-0.110780716,2.016962,1.0]
--------
[0.47403234,-0.8791823,-4.828868e-2,0.0]
[0.0,5.484188e-2,-0.99849504,0.0]
[0.8805074,0.47331893,2.5996825e-2,0.0]
[0.0,-0.110780716,2.016962,1.0]
--------
[0.99243516,0.122585334,6.732943e-3,0.0]
[0.0,5.484188e-2,-0.99849504,0.0]
[-0.1227701,0.9909416,5.442701e-2,0.0]
[0.0,-0.110780716,2.016962,1.0]
--------
[0.14719118,0.9876195,5.4244548e-2,0.0]
[0.0,5.484188e-2,-0.99849504,0.0]
[-0.9891081,0.14696966,8.072241e-3,0.0]
[0.0,-0.110780716,2.016962,1.0]
--------
[-0.97621846,0.21419458,3.344005e-2,0.0]
[0.0,0.15425146,-0.9880316,0.0]
[-0.2167892,-0.9645347,-0.15058312,0.0]
[0.0,-0.31158826,1.995826,1.0]
--------
[0.11044753,-0.9617756,-0.2505773,0.0]
[0.0,0.25211978,-0.967696,0.0]
[0.99388194,0.10687964,2.7846009e-2,0.0]
[0.0,-0.50928247,1.954748,1.0]
--------
[0.58989227,0.72537535,0.35476425,0.0]
[0.0,0.43934637,-0.89831775,0.0]
[-0.80748194,0.5299107,0.25916702,0.0]
[0.0,-0.8874806,1.8146038,1.0]
--------
[-0.69794077,-0.6087094,-0.37729502,0.0]
[0.0,0.52683395,-0.84996825,0.0]
[0.71615547,-0.5932275,-0.36769888,0.0]
[0.0,-1.0642056,1.7169377,1.0]
--------
[-0.28202245,0.62967485,0.7238597,0.0]
[0.0,0.75448596,-0.65631616,0.0]
[-0.9594078,-0.18509589,-0.21278198,0.0]
[0.0,-1.5240632,1.32576,1.0]
--------
[-0.8167163,-0.3333638,-0.4710022,0.0]
[0.0,0.8162392,-0.5777141,0.0]
[0.5770394,-0.47182852,-0.6666359,0.0]
[0.0,-1.6488049,1.1669837,1.0]
--------
[0.67746806,-0.2285338,-0.699149,0.0]
[0.0,0.950509,-0.31069693,0.0]
[0.7355522,0.21048725,0.6439395,0.0]
[0.0,-1.9200302,0.6276085,1.0]
--------
[0.6421238,-6.4374894e-2,0.7638932,0.0]
[0.0,0.9964679,8.397446e-2,0.0]
[-0.7666009,-5.3922e-2,0.63985574,0.0]
[0.0,-2.0128672,-0.16962859,1.0]
--------
[-0.98591185,-0.12935123,0.10604767,0.0]
[0.0,0.63400686,0.7733274,0.0]
[-0.1672658,0.76243263,-0.62507486,0.0]
[0.0,-1.2806952,-1.5621231,1.0]
--------
[0.87291014,0.39897305,0.28079954,0.0]
[0.0,-0.57554924,0.81776714,0.0]
[0.487881,-0.7138372,-0.5024028,0.0]
[0.0,1.1626107,-1.6518914,1.0]
--------
[-0.73082983,0.29226023,-0.61682385,0.0]
[0.0,-0.9036922,-0.42818266,0.0]
[-0.68255967,-0.31292868,0.6604452,0.0]
[0.0,1.8254602,0.8649299,1.0]
--------
[0.17700672,-0.8767387,-0.4472112,0.0]
[0.0,0.45438612,-0.8908048,0.0]
[0.98420966,0.15767844,8.04294e-2,0.0]
[0.0,-0.9178609,1.7994276,1.0]
--------
[0.9182588,-0.117356285,0.3781909,0.0]
[0.0,0.95507365,0.29636857,0.0]
[-0.39598086,-0.27214304,0.8770048,0.0]
[0.0,-1.9292508,-0.5986651,1.0]
--------
[0.16293094,-0.93337196,-0.31979728,0.0]
[0.0,-0.32412845,0.9460131,0.0]
[-0.9866375,-0.1541348,-5.281055e-2,0.0]
[0.0,0.65474015,-1.9109485,1.0]
--------
[-0.74219483,0.23564474,-0.6273901,0.0]
[0.0,-0.93614584,-0.35161194,0.0]
[-0.67018414,-0.26096457,0.6948026,0.0]
[0.0,1.8910166,0.7102569,1.0]
--------
[-0.9649501,-0.25778487,-4.917565e-2,0.0]
[0.0,0.18738337,-0.9822869,0.0]
[0.26243338,-0.9478578,-0.18081559,0.0]
[0.0,-0.3785148,1.9842216,1.0]
--------
[-5.26539e-3,0.7295661,-0.68389004,0.0]
[0.0,0.6838995,0.72957623,0.0]
[0.9999861,3.8415035e-3,-3.6009976e-3,0.0]
[0.0,-1.3814785,-1.4737456,1.0]
--------
[0.88880944,0.26772383,0.37194318,0.0]
[0.0,-0.8116122,0.58419657,0.0]
[0.45827696,-0.5192394,-0.72136855,0.0]
[0.0,1.6394583,-1.1800783,1.0]
--------
[0.8115767,0.55906117,-0.16968721,0.0]
[0.0,-0.29043806,-0.9568938,0.0]
[-0.5842458,0.77659273,-0.23571277,0.0]
[0.0,0.5866855,1.9329275,1.0]
--------
[-5.3129114e-2,-3.4464993e-2,0.99799275,0.0]
[0.0,0.99940425,3.4513738e-2,0.0]
[-0.99858767,1.8336843e-3,-5.3097464e-2,0.0]
[0.0,-2.0187988,-6.9717824e-2,1.0]
--------
[-0.86898834,-0.49450704,1.7946478e-2,0.0]
[0.0,3.6267776e-2,0.9993421,0.0]
[-0.4948326,0.8684166,-3.1516273e-2,0.0]
[0.0,-7.3260985e-2,-2.0186732,1.0]
--------
[-0.9834166,0.103460014,0.14895558,0.0]
[0.0,-0.82132185,0.57046515,0.0]
[0.1813608,0.5610049,0.8077015,0.0]
[0.0,1.6590719,-1.1523408,1.0]
--------
[-0.83516484,0.11307658,0.53825027,0.0]
[0.0,-0.9786374,0.2055939,0.0]
[0.5499997,0.1717048,0.81732357,0.0]
[0.0,1.9768497,-0.4153001,1.0]
--------
[-0.83516484,0.11307658,0.53825027,0.0]
[0.0,-0.9786374,0.2055939,0.0]
[0.5499997,0.1717048,0.81732357,0.0]
[0.0,1.9768497,-0.4153001,1.0]
--------
[-0.83516484,5.8777142e-2,0.54685,0.0]
[0.0,-0.99427325,0.10686759,0.0]
[0.5499997,8.9252055e-2,0.83038205,0.0]
[0.0,2.008434,-0.21587276,1.0]
--------
[-0.83516484,5.8777142e-2,0.54685,0.0]
[0.0,-0.99427325,0.10686759,0.0]
[0.5499997,8.9252055e-2,0.83038205,0.0]
[0.0,2.008434,-0.21587276,1.0]
--------
[-0.83516484,5.8777142e-2,0.54685,0.0]
[0.0,-0.99427325,0.10686759,0.0]
[0.5499997,8.9252055e-2,0.83038205,0.0]
[0.0,2.008434,-0.21587276,1.0]
--------
[-0.83516484,5.8777142e-2,0.54685,0.0]
[0.0,-0.99427325,0.10686759,0.0]
[0.5499997,8.9252055e-2,0.83038205,0.0]
[0.0,2.008434,-0.21587276,1.0]
--------
[-0.83516484,5.8777142e-2,0.54685,0.0]
[0.0,-0.99427325,0.10686759,0.0]
[0.5499997,8.9252055e-2,0.83038205,0.0]
[0.0,2.008434,-0.21587276,1.0]
--------
[-0.83516484,5.8777142e-2,0.54685,0.0]
[0.0,-0.99427325,0.10686759,0.0]
[0.5499997,8.9252055e-2,0.83038205,0.0]
[0.0,2.008434,-0.21587276,1.0]
--------
[-0.83516484,5.8777142e-2,0.54685,0.0]
[0.0,-0.99427325,0.10686759,0.0]
[0.5499997,8.9252055e-2,0.83038205,0.0]
[0.0,2.008434,-0.21587276,1.0]
--------
[-0.83516484,5.8777142e-2,0.54685,0.0]
[0.0,-0.99427325,0.10686759,0.0]
[0.5499997,8.9252055e-2,0.83038205,0.0]
[0.0,2.008434,-0.21587276,1.0]
--------
[-0.83516484,5.8777142e-2,0.54685,0.0]
[0.0,-0.99427325,0.10686759,0.0]
[0.5499997,8.9252055e-2,0.83038205,0.0]
[0.0,2.008434,-0.21587276,1.0]
--------
[-0.6353368,0.15876684,0.7557382,0.0]
[0.0,-0.9786374,0.2055939,0.0]
[0.77223516,0.13062137,0.62176436,0.0]
[0.0,1.9768497,-0.4153001,1.0]
--------
[1.1567331e-2,0.570427,0.8212669,0.0]
[0.0,-0.82132185,0.57046515,0.0]
[0.9999331,-6.598759e-3,-9.500502e-3,0.0]
[0.0,1.6590719,-1.1523408,1.0]
--------
[0.84766454,0.44844422,0.283483,0.0]
[0.0,-0.5343366,0.84527177,0.0]
[0.5305326,-0.7165069,-0.4529382,0.0]
[0.0,1.0793611,-1.7074507,1.0]
--------
[0.6668929,-0.7382449,0.10123403,0.0]
[0.0,0.1358566,0.9907285,0.0]
[-0.7451536,-0.6607098,9.06018e-2,0.0]
[0.0,-0.27443063,-2.0012736,1.0]
--------
[-0.824875,-0.37889075,0.419551,0.0]
[0.0,0.7421542,0.6702292,0.0]
[-0.5653152,0.5528553,-0.6121844,0.0]
[0.0,-1.499153,-1.3538644,1.0]
--------
[-7.1544334e-2,-0.44770443,-0.8913148,0.0]
[0.0,0.89360476,-0.44885466,0.0]
[0.9974374,-3.211301e-2,-6.393236e-2,0.0]
[0.0,-1.8050835,0.9066874,1.0]
--------
[0.72649276,0.6047944,-0.32623917,0.0]
[0.0,-0.47475475,-0.88011813,0.0]
[-0.6871741,0.63939947,-0.34490588,0.0]
[0.0,0.9590056,1.7778405,1.0]
--------
[0.51859176,0.85381716,-4.5374766e-2,0.0]
[0.0,5.3068537e-2,0.9985909,0.0]
[0.855022,-0.517861,2.7520906e-2,0.0]
[0.0,-0.10719856,-2.0171556,1.0]
--------
[-0.4825962,0.3267369,0.81261545,0.0]
[0.0,0.92780954,-0.37305418,0.0]
[-0.875843,-0.18003452,-0.44775733,0.0]
[0.0,-1.8741772,0.75357026,1.0]
--------
[0.98892224,6.866914e-2,-0.13159548,0.0]
[0.0,-0.8865555,-0.4626223,0.0]
[-0.14843456,0.4574975,-0.87673444,0.0]
[0.0,1.790844,0.9344981,1.0]
--------
[0.11265652,0.9308955,-0.3474796,0.0]
[0.0,0.34970585,0.93685955,0.0]
[0.993634,-0.10554334,3.9396644e-2,0.0]
[0.0,-0.70640653,-1.8924583,1.0]
--------
[-0.9807684,-0.18565011,-6.022813e-2,0.0]
[0.0,0.30858484,-0.95119685,0.0]
[0.19517528,-0.93290377,-0.30265024,0.0]
[0.0,-0.62334204,1.9214196,1.0]
--------
[-0.72416466,-0.40639988,-0.55715775,0.0]
[0.0,-0.8079116,0.5893038,0.0]
[-0.6896271,0.42675298,0.585061,0.0]
[0.0,1.631983,-1.1903949,1.0]
--------
[-5.4015502e-2,2.8180553e-2,0.99814236,0.0]
[0.0,0.99960166,-2.8221754e-2,0.0]
[-0.9985401,-1.5244122e-3,-5.3993985e-2,0.0]
[0.0,-2.0191975,5.7008006e-2,1.0]
--------
[0.6302711,0.4154438,-0.6558696,0.0]
[0.0,-0.8447843,-0.535107,0.0]
[-0.7763752,0.33726248,-0.5324431,0.0]
[0.0,1.7064661,1.0809174,1.0]
--------
[-0.41862655,0.87656075,-0.23747224,0.0]
[0.0,0.26148766,0.9652068,0.0]
[0.9081585,0.4040612,-0.10946568,0.0]
[0.0,-0.52820563,-1.9497198,1.0]
--------
[-0.967492,-0.20479314,-0.14838798,0.0]
[0.0,0.5867419,-0.809774,0.0]
[0.2529016,-0.7834498,-0.5676681,0.0]
[0.0,-1.1852199,1.6357452,1.0]
--------
[-0.8881434,-2.3966629e-2,-0.458941,0.0]
[0.0,-0.9986392,5.2150525e-2,0.0]
[-0.45956638,4.6317145e-2,0.8869349,0.0]
[0.0,2.0172534,-0.10534417,1.0]
--------
[-0.20856227,-0.6221007,0.75464725,0.0]
[0.0,0.7716158,0.63608885,0.0]
[-0.9780091,0.13266413,-0.16092995,0.0]
[0.0,-1.5586655,-1.2849008,1.0]
--------
[-0.5662265,-0.23884441,-0.7888859,0.0]
[0.0,-0.95709574,0.2897719,0.0]
[-0.8242497,0.16407654,0.54193294,0.0]
[0.0,1.9333354,-0.5853399,1.0]
--------
[0.78708416,-0.2671244,-0.5560063,0.0]
[0.0,0.90137035,-0.43304908,0.0]
[0.6168456,0.34084606,0.7094543,0.0]
[0.0,-1.82077,0.8747601,1.0]
--------
[-0.7793031,-0.5794465,-0.23859702,0.0]
[0.0,-0.38075173,0.9246773,0.0]
[-0.62664723,0.7206039,0.29672098,0.0]
[0.0,0.7691193,-1.8678502,1.0]
--------
[-0.3170353,-0.46429318,0.82699484,0.0]
[0.0,-0.87197685,-0.4895471,0.0]
[0.9484137,-0.1552037,0.27644745,0.0]
[0.0,1.7613951,0.9888862,1.0]
--------
[0.6485489,-0.7078955,-0.27976465,0.0]
[0.0,0.3675441,-0.9300061,0.0]
[0.761173,0.6031544,0.23837033,0.0]
[0.0,-0.74243987,1.8786143,1.0]
--------
[0.6485489,0.3226792,-0.6893928,0.0]
[0.0,0.90569794,0.42392358,0.0]
[0.761173,-0.2749352,0.5873894,0.0]
[0.0,-1.8295118,-0.8563265,1.0]
--------
[0.75163895,0.29648116,0.58918405,0.0]
[0.0,-0.8932786,0.44950348,0.0]
[0.6595748,-0.3378643,-0.67142296,0.0]
[0.0,1.8044246,-0.90799797,1.0]
--------
[0.75163895,-0.61194295,-0.24609901,0.0]
[0.0,0.37311766,-0.927784,0.0]
[0.6595748,0.6973586,0.28044975,0.0]
[0.0,-0.75369847,1.8741257,1.0]
--------
[0.6508514,0.7227433,-0.23245335,0.0]
[0.0,0.3061799,0.9519737,0.0]
[0.7592051,-0.61959344,0.19927764,0.0]
[0.0,-0.6184841,-1.9229889,1.0]
--------
[0.53722364,-0.46317518,0.7048826,0.0]
[0.0,-0.83572364,-0.5491502,0.0]
[0.8434398,0.2950165,-0.4489705,0.0]
[0.0,1.6881635,1.1092846,1.0]
--------
[0.53722364,-7.11715e-2,-0.84043163,0.0]
[0.0,0.99643344,-8.438243e-2,0.0]
[0.8434398,4.5332234e-2,0.5353076,0.0]
[0.0,-2.0127976,0.17045268,1.0]
--------
[0.34981325,0.7136099,0.60695267,0.0]
[0.0,-0.6478865,0.76173687,0.0]
[0.93681943,-0.26646566,-0.22663929,0.0]
[0.0,1.3087322,-1.5387101,1.0]
--------
[-0.63005054,0.15308663,0.76131517,0.0]
[0.0,-0.9803762,0.19713582,0.0]
[0.7765541,0.12420553,0.61768657,0.0]
[0.0,1.9803619,-0.3982148,1.0]
--------
[-0.9370642,0.3064897,0.16725671,0.0]
[0.0,0.4790298,-0.8777986,0.0]
[-0.3491572,-0.82255363,-0.44888166,0.0]
[0.0,-0.96764123,1.7731551,1.0]
--------
[0.7673539,-0.5514307,0.32724932,0.0]
[0.0,0.5103512,0.8599661,0.0]
[-0.6412238,-0.65989834,0.39161995,0.0]
[0.0,-1.0309105,-1.7371334,1.0]
--------
[-0.52322894,0.15958607,0.8371163,0.0]
[0.0,-0.98230934,0.18726535,0.0]
[0.85219216,9.798265e-2,0.5139727,0.0]
[0.0,1.984267,-0.3782764,1.0]
--------
[0.62889457,0.71623766,0.30248186,0.0]
[0.0,0.3890489,-0.9212171,0.0]
[-0.7774906,0.57934844,0.24467075,0.0]
[0.0,-0.7858796,1.8608605,1.0]
--------
[-0.9493373,-0.29243803,0.11505968,0.0]
[0.0,0.36613008,0.9305637,0.0]
[-0.31425902,0.8834188,-0.34758094,0.0]
[0.0,-0.73958355,-1.8797406,1.0]
--------
[-0.14013802,-0.8191168,0.55624545,0.0]
[0.0,-0.5617892,-0.8272804,0.0]
[0.990132,-0.11593343,7.872803e-2,0.0]
[0.0,1.1348155,1.6711081,1.0]
--------
[0.959116,0.24185671,-0.14697589,0.0]
[0.0,0.51932484,0.8545769,0.0]
[0.2830134,-0.8196384,0.49809274,0.0]
[0.0,-1.0490373,-1.7262471,1.0]
--------
[0.45508745,0.86810553,-0.19821225,0.0]
[0.0,-0.22259866,-0.97491014,0.0]
[-0.8904467,0.44366938,-0.10130186,0.0]
[0.0,0.44964975,1.9693205,1.0]
--------
[-0.5510696,-0.83180404,-6.6515066e-2,0.0]
[0.0,-7.971038e-2,0.99681807,0.0]
[-0.83445925,0.54931617,4.3925967e-2,0.0]
[0.0,0.16101514,-2.0135746,1.0]
--------
[0.89635,-0.1921804,-0.39952886,0.0]
[0.0,0.901165,-0.43347618,0.0]
[0.44334707,0.38854638,0.8077593,0.0]
[0.0,-1.8203552,0.8756228,1.0]
--------
[0.81028605,-0.251335,0.5294027,0.0]
[0.0,-0.9033643,-0.42887405,0.0]
[0.58603454,0.34751067,-0.7319835,0.0]
[0.0,1.8247977,0.8663265,1.0]
--------
[0.99092853,-8.556111e-2,-0.10363382,0.0]
[0.0,0.77114236,-0.6366628,0.0]
[0.13439,0.6308873,0.764147,0.0]
[0.0,-1.5577092,1.2860602,1.0]
--------
[0.21743302,0.37881443,0.89956796,0.0]
[0.0,-0.92161745,0.3880996,0.0]
[0.97607523,-8.438567e-2,-0.20039007,0.0]
[0.0,1.8616692,-0.783962,1.0]
--------
[-0.98440546,-3.3744708e-2,0.17264752,0.0]
[0.0,0.9814292,0.1918246,0.0]
[-0.17591439,0.18883318,-0.9661243,0.0]
[0.0,-1.9824891,-0.3874861,1.0]
--------
[-0.176222,0.74404114,0.64447546,0.0]
[0.0,0.65472156,-0.75587016,0.0]
[-0.98435044,-0.13320094,-0.11537634,0.0]
[0.0,-1.322539,1.5268593,1.0]
--------
[-0.4442459,0.75724006,0.4787829,0.0]
[0.0,0.5344126,-0.8452237,0.0]
[-0.8959049,-0.37548718,-0.23741062,0.0]
[0.0,-1.0795146,1.7073537,1.0]
--------
[-0.7792772,0.57378453,0.2519889,0.0]
[0.0,0.40210173,-0.915595,0.0]
[-0.6266794,-0.7135023,-0.3133487,0.0]
[0.0,-0.8122463,1.8495039,1.0]
--------
[-0.9233427,0.35156724,0.15439774,0.0]
[0.0,0.40210173,-0.915595,0.0]
[-0.38397682,-0.84540796,-0.3712777,0.0]
[0.0,-0.8122463,1.8495039,1.0]
--------
[-0.9430551,-0.33048478,-3.7775077e-2,0.0]
[0.0,0.113562584,-0.99353087,0.0]
[0.33263665,-0.9369543,-0.10709577,0.0]
[0.0,-0.22939666,2.0069344,1.0]
--------
[-0.8905291,-0.4170057,0.18183567,0.0]
[0.0,-0.39970356,-0.91664445,0.0]
[0.4549263,-0.81629854,0.35594764,0.0]
[0.0,0.8074021,1.8516238,1.0]
--------
[-0.95694363,3.175032e-2,-0.28853223,0.0]
[0.0,-0.99399996,-0.109380566,0.0]
[-0.29027387,-0.10467104,0.9512019,0.0]
[0.0,2.007882,0.22094898,1.0]
--------
[0.23820688,-0.9707658,-2.951518e-2,0.0]
[0.0,-3.0389974e-2,0.9995381,0.0]
[-0.9712144,-0.23809686,-7.239101e-3,0.0]
[0.0,6.138781e-2,-2.0190692,1.0]
--------
[0.4655417,-0.42337754,-0.7771888,0.0]
[0.0,0.8781537,-0.47837868,0.0]
[0.8850259,0.22270522,0.40881714,0.0]
